1000
593200 552754
271440 464551
645197 735694
808293 880298
510322 793659
97664 917920
528214 131559
643180 591107
487769 31883
276175 65671
751229 618366
474111 522234
915442 806781
741077 13584
589593 537256
354211 455556
473175 672643
900930 934263
676400 249070
196899 303566
820304 581596
236707 451461
342487 706974
90955 498247
711544 629230
397853 184398
598674 101915
457599 440450
194161 445096
3002 316228
54623 268933
25950 318801
602163 757548
832167 163083
15191 194155
666557 642570
178024 261473
435046 252965
273511 224725
546514 152963
946255 167860
824256 789605
732228 14531
474979 339121
884872 972416
182462 212652
340448 685440
282884 707042
388825 902212
473394 890558
412960 466687
646908 132112
921441 356440
785911 794951
530185 852298
864805 100120
235322 230903
794908 539663
20291 480774
15415 75091
411929 553418
944570 255100
824462 959356
206515 349936
57988 694341
950089 792058
265145 81305
754164 166662
869311 220469
466655 694159
18968 247684
441650 928785
477507 511410
803871 871086
337088 565889
349493 324368
463241 272487
846601 36767
173155 927763
809663 296913
712643 167721
140579 348744
945485 445097
370654 335406
744000 191409
454150 39331
302288 332391
560007 710740
755543 675509
231105 834205
644930 975262
494105 109712
442747 68254
939764 201876
32365 625942
617336 138731
392814 819653
338234 401325
190028 118678
763259 877422
196790 764094
157759 997041
908056 996454
130420 140865
139089 167423
343724 3749
131081 974935
161330 266472
928819 31988
259537 835539
420238 388441
68884 504181
887125 456129
13712 763258
467289 287341
663411 556117
857554 190312
109316 315967
875162 529184
532436 431097
823591 532590
488782 887994
456132 166769
366155 930543
739612 322784
353465 948200
801515 400600
157106 163855
317140 142558
465764 387305
478006 779187
354602 263124
873685 817488
690878 683545
588343 218611
638164 273663
707596 737335
661543 130152
939271 749716
463285 269448
136306 491129
288701 226369
82383 325237
339186 728264
799835 487320
968563 992262
204445 578797
42708 808340
867879 127998
912639 980861
882723 310048
155250 46051
923795 885257
839955 231291
405221 732379
762218 870124
290741 174836
412166 260196
958121 646668
123279 261469
477490 599582
531104 584603
405930 689846
978362 206404
144745 404138
88232 809221
508984 590494
290285 566534
927236 80804
47185 679034
177647 66249
170613 644141
994945 490999
929269 691601
30857 834625
482902 708918
609716 379786
737694 681370
718528 945915
260877 449864
783061 736582
144409 267874
781476 191056
40287 947142
812897 114246
183814 302841
832527 998994
198463 711971
96956 114257
44587 960736
609735 232106
973549 707909
629947 228898
68008 476673
120397 894988
814758 246686
785379 554370
873541 49953
693794 472736
190964 226399
66191 361939
353584 466657
972464 59190
418027 171704
910232 394734
405754 221103
182001 533940
40642 516783
50922 133377
658823 277345
719400 870210
787731 74243
531090 376546
332531 385319
787785 934875
358004 566313
892480 603771
258877 687906
631182 84931
309339 500735
639156 590313
623910 104653
677782 974293
536421 903994
61662 471177
517643 833064
746425 485743
927866 284955
454631 919257
753535 76905
1609 896457
885075 46424
38759 265546
174058 506200
925758 443799
459028 56437
550519 507572
266315 381711
242645 819452
904067 965416
976305 852532
110609 469379
62356 472371
397917 666134
803247 399798
425081 380862
802228 77344
607793 880531
929528 551807
159360 271903
984544 101189
109560 581883
660224 207857
768880 230330
659782 99072
561701 418599
649165 49678
510517 333349
253308 720027
928424 59605
409889 791558
288655 916742
672338 698183
237982 503070
822846 375159
896894 749189
681214 412850
151581 289077
13491 428028
267578 973506
698890 943938
195875 905737
955994 477165
546913 323221
401438 410752
143576 879012
622287 907075
309241 584111
855710 720730
9088 875739
24976 9885
637950 604225
405015 821205
672261 189789
461717 293211
450201 829478
876615 785694
158970 875415
777160 525238
1007 126647
235247 396534
182774 795966
64016 326169
528907 569250
916556 885673
728938 217627
230453 964114
734626 427889
692303 677895
317451 999839
884348 947598
891637 312359
346125 578054
365929 395787
856086 495537
743383 403494
380015 166430
112049 445172
869104 888701
510185 41044
343366 583056
332084 27137
230601 4742
81580 433496
856912 997555
338241 91464
822475 689706
927387 419115
419341 274683
967351 577533
401723 211885
143102 838307
276579 873426
541587 291662
674465 957560
767885 947637
62693 997886
96709 34721
992522 517805
58796 778342
650189 835784
696372 157846
514086 316585
335575 966394
33934 779622
458481 572318
638497 693571
444099 807598
371561 476126
485479 827954
816209 678195
756395 456267
257767 474479
473480 130772
523172 90961
803954 185437
906600 765688
557092 294073
464733 195931
373150 530546
755387 344577
781786 614804
548723 185287
999397 276260
672036 319194
914376 916313
10278 438275
807369 256468
207286 391157
872367 66131
65130 684613
841671 554626
524584 607566
962706 896618
208544 143338
766203 560971
677157 416029
550191 654492
78246 935016
52342 569236
350034 129606
917643 526202
492521 513218
420962 344755
450682 981920
582302 384926
21821 811849
508900 952189
635078 191882
327603 427528
252032 256214
667593 462604
436104 369836
574695 853309
243242 375080
628172 707815
86074 698134
87494 213229
955156 324354
149207 81258
231972 116808
35412 614549
989028 839469
725006 550946
197350 992748
290486 204765
700531 779554
962189 554549
806953 104036
27634 588375
722698 747358
400904 979262
797323 451725
782106 271149
234100 54055
376084 951686
419936 152591
397542 756928
140935 688430
730718 448677
413085 173019
353622 374591
834258 20795
700315 495445
497343 931140
286403 381291
492476 684663
466642 809286
600315 25157
486405 908443
719660 785102
265009 401780
295836 595047
681732 146117
55360 397292
322749 751511
774489 181561
90020 996957
34397 621241
914099 973332
521714 50120
576551 858016
535079 796308
387748 436789
565470 153136
786715 785076
811070 987790
87239 66835
673989 260203
8349 736896
986137 798075
948627 315240
317036 633732
752572 308406
281675 11187
606936 954406
593245 784742
944274 539305
68735 954886
315256 615490
633411 895561
836371 794864
98465 956065
242952 242473
800218 450268
479967 116477
185123 607603
994171 997464
316174 466954
792369 733972
841969 219033
86258 728343
741435 320503
279293 332130
594124 498117
150942 118199
131649 491145
517610 543006
262105 461981
962595 586304
748322 402983
643587 409634
56571 537491
610056 989136
691380 567020
463687 730353
546228 364742
170844 479435
480676 43278
934579 522023
30405 743253
577049 502312
44761 472530
122318 93662
202055 828010
991808 891998
220767 214440
141624 571228
154629 479974
946954 48224
7435 626932
866865 852240
633493 891547
984619 369427
995017 496592
361078 851821
186803 540588
537277 777327
583818 284405
145484 532197
351321 99152
491243 855478
381234 342821
678123 398510
558144 164892
391136 707381
226289 865899
303889 632100
559579 930291
341457 89064
362294 718714
271386 947144
707120 117767
156073 801277
393591 393598
352328 713906
769030 270211
877116 435182
358022 10978
305457 6898
671565 776041
646412 919398
177211 512380
630581 519035
480042 522659
95172 989554
651679 557358
453893 729446
280680 495034
791783 464326
203506 745883
503925 688886
611806 463935
598555 760374
950756 599217
311817 432405
583378 762696
331380 684298
874411 68887
768627 935908
887391 869654
853769 180597
179209 149403
956040 921811
282716 897175
661811 38985
200571 171793
418317 923977
890419 933108
941388 927472
823987 192357
822586 228431
460312 817820
896057 2409
847626 525590
576510 243293
351923 556403
718922 839035
114554 672836
332642 739238
725624 413752
162590 789318
767604 790917
226125 57463
500116 917515
864018 269855
257608 49158
905396 746209
810379 383490
555422 358654
680895 738451
706274 159246
423326 813731
855927 783898
23115 462343
376599 982036
468511 487412
230206 957495
160347 27991
508291 711407
511654 893141
235224 866117
195279 32351
663877 41029
406975 938124
845208 307955
858513 244052
214590 876252
196411 902381
471072 273810
660571 485924
802177 34027
177665 551864
638261 449514
547288 500341
785092 289365
350409 567927
770862 178874
128033 344089
161350 193506
203051 606838
534784 611633
573958 504252
951992 11133
988601 11154
879407 490140
561278 452824
451244 718414
931653 297618
868548 513166
774909 934978
258682 488153
966493 406960
432084 196544
270607 852774
621870 534272
988368 38663
498704 172822
967602 917400
96398 991957
3769 237186
181158 948320
77432 747872
234199 457747
11587 595256
935995 366734
224679 360768
136529 560800
156306 82809
403035 172118
521180 616736
212003 494307
535392 851264
290516 880926
455373 844032
867027 49877
224806 887406
542503 398578
397568 648338
534871 905232
109224 767152
929934 840838
561338 6993
944980 862546
768553 788830
336253 646411
437972 565089
153726 49995
355313 590040
185951 348423
464259 863235
813965 791336
25191 271598
479469 27944
868214 664274
85852 364324
507001 230600
869373 601263
391022 649421
329547 253706
503552 442151
423279 236703
940443 246527
333587 320795
589100 858756
550745 752492
204249 447239
563674 147782
563165 759651
625543 397207
17358 61285
912793 614284
770350 726113
618666 647712
283404 374889
772575 183790
703445 953397
878403 54560
395482 101448
39935 825713
511904 201992
308652 128755
706207 650042
665089 711317
472033 663762
369195 82084
273650 256499
652492 350379
587367 768033
734600 165606
581189 280090
343050 727919
877362 76897
275582 833777
957780 368608
875814 620066
860351 685709
424757 877310
235223 189964
582783 184492
192918 453930
951890 192966
96605 844627
917833 679352
42228 72527
139387 736991
203362 3372
249947 968251
711546 650082
641091 543240
544841 453795
528898 551112
430425 431023
170267 265766
354214 871031
588849 45880
633156 736228
27922 381345
93407 23548
641417 128799
984791 135673
728917 876588
64261 816381
980499 844858
444533 632252
692729 680882
654302 329653
691169 392240
394080 580608
561669 760142
499694 150689
254482 995570
494677 369223
950201 881431
758195 784855
740559 567405
785300 562129
459572 557733
609684 983424
765961 642582
763967 853890
456541 829648
788641 319773
984389 656417
947304 995701
643629 893883
353372 964405
23754 13108
10298 111374
594378 741301
246135 309843
63908 739924
717190 136616
923121 368161
866760 408538
408458 668001
507914 333364
126296 76913
776153 93396
783658 695320
251989 499776
485935 402249
377418 605954
741476 890404
425267 181236
246057 507214
901312 792508
690528 236318
787856 664230
102423 212828
603149 212905
418190 928202
211336 847691
745351 846025
502769 452597
292153 966028
663675 137875
731165 289975
477497 460725
860893 889942
372814 42760
413266 886610
542394 860053
502347 531994
769620 604784
150026 955770
535127 780044
875139 645714
673976 818620
113246 829618
608535 599441
110499 362979
939018 920183
587302 899971
320472 637643
174261 861561
702093 438446
570840 808389
880153 633712
161727 336195
868403 97750
942308 936608
663429 496930
728201 43676
465523 564105
421411 950129
969137 650171
592789 447425
878184 721924
523184 947889
815211 52590
848668 757808
97727 364268
490321 498315
998506 12927
728182 506216
918366 789459
328870 61881
55270 790593
115722 588283
655282 111085
992714 35262
168810 542113
385225 459561
285907 578183
199467 954001
941581 202066
258932 324849
128465 125615
342280 661524
803022 885367
810212 925172
166940 897374
764961 499216
234328 397439
507653 882564
294957 954319
676962 942543
104203 985879
961172 846766
151930 794631
169849 845220
331869 102290
698892 543099
804774 10375
638973 570145
134290 904903
6554 409912
244770 90360
339340 517712
291504 710188
155599 816855
352251 440419
133214 342597
377797 285348
978652 831371
393779 755431
835199 932645
381839 247337
75510 20733
327911 140766
69692 815646
408957 722700
202933 261629
717678 235703
807268 881711
81520 361673
923102 118143
575486 34049
92991 584351
730024 726358
366278 804431
472091 447089
581607 586769
832938 51381
744384 687548
778514 547259
610598 984933
164479 833750
246808 950377
336642 932700
423162 746811
607337 706598
389335 484920
894535 412641
58308 904648
233104 716946
189755 627954
979716 788560
568328 892657
622485 523927
348364 420381
853174 773574
41758 28704
759326 546580
827502 342379
27107 136767
47677 393169
681785 461150
34804 12758
460019 859185
250237 790016
315624 802360
844635 604981
9325 395410
176892 896065
84777 146447
749451 982012
823293 228272
384889 26341
566234 672328
272160 500741
151228 151788
488220 333912
12158 328696
130520 838522
368682 880837
258630 726432
912771 609261
604348 503389
101078 600647
687835 474817
317630 526716
184708 846453
713569 379304
844479 31929
529072 75438
738389 992809
726266 27970
172478 510598
469823 632712
420254 663172
765531 408629
843826 357162
231907 873554
342038 873959
930746 748146
20012 455432
13862 625369
160000 113885
366227 671740
243487 520890
28077 153239
980207 410493
32860 600828
40474 351699
158760 817153
661118 985553
783918 934316
331817 815379
979572 658365
603732 653098
384892 501024
168757 162730
350411 736737
383493 833984
97569 687163
184708 796082
892318 349174
355407 778373
700175 342511
540693 42258
360234 752662
189692 614165
340913 197243
290539 319305
195148 497193
688695 745925
319221 719187
177399 820324
15146 502513
572643 990423
97273 16867
441246 982909
842535 995514
723812 314008
276747 105931
186617 877304
290229 606137
15672 806760
7389 420981
824454 433375
49105 277397
612715 879442
70495 362131
11733 447369
315755 625314
748450 567311
720255 830589
22294 337298
138787 783615
302989 960228
361522 216042
442630 976330
421612 161257
780037 436811
53963 982763
117728 379613
652313 578904
136796 291336