481
440815 23963
291541 146210
78658 823692
219136 89395
490958 887713
821938 62908
999845 391048
61379 491974
476137 221424
324914 883607
258257 409528
608917 483980
453743 842041
568975 994250
820325 807914
9925 978059
358751 399924
916384 119874
90948 397055
705491 51453
138524 716790
810160 529359
630956 698549
553405 762834
846690 90247
393973 49226
951455 593125
176061 665229
762469 595697
764524 421701
892434 509793
730628 777898
910223 570146
240794 513667
303941 594314
581775 109464
579957 182164
11656 447792
281260 63700
412001 891005
393556 538563
2852 212497
453333 250605
366017 676204
924055 336207
671796 650745
841269 204570
525125 850182
457541 866183
372639 290266
972614 739336
333977 483053
663824 469313
94202 604010
80753 519451
301604 272480
134633 603230
267302 319171
448579 743723
505381 574803
521184 437472
944493 645747
221664 919946
807514 501827
626222 639780
260970 400692
343938 633007
777234 581672
167659 750718
846900 629408
147556 443927
294110 478387
960509 808932
826013 836981
125963 753145
149054 395920
143005 829765
488093 715183
782960 998395
103829 633140
835295 747287
694595 46439
105204 520443
992999 372130
187860 92602
732338 266411
364786 710306
99592 268781
175100 255572
699282 391267
621749 945539
520254 975665
882297 714096
243536 576362
279507 8064
448098 521789
692156 878020
990423 145666
906608 419245
237896 737759
953843 439852
698661 671997
283834 562396
913127 21010
523203 857793
279155 411232
718129 11781
956649 625141
188343 560011
824914 140248
909508 828498
940636 623850
368842 709618
848395 212425
268576 463645
701302 168779
18525 561010
177906 852184
838458 437390
513200 811736
243031 71423
111450 451643
648176 614662
708648 200849
919627 630117
858354 155190
224415 288274
616951 152453
35248 859325
792125 559647
725070 124096
733711 466303
218814 476548
617713 767461
747875 672127
774090 621725
873218 298719
734591 13666
779806 14464
476486 857302
850772 784224
240819 274403
173818 715764
993688 426879
527378 293715
632363 107396
483821 919697
793668 245679
677641 423218
430280 795586
834651 136657
599946 915642
494179 353253
438328 197713
403407 710994
923686 362742
169514 626375
873438 223993
844875 118529
65736 176625
424876 621607
452791 769984
213715 183836
447525 705041
733671 876454
778262 429957
625502 510375
828016 132153
392131 695512
100170 524604
854956 134201
980623 51537
928305 18445
686211 183497
47585 296804
777097 708517
476783 487675
669205 607576
23852 280307
545432 352548
416495 927055
215060 204176
375322 663176
999568 205770
689153 111537
463619 503869
784449 153218
736932 128818
526623 304049
400903 231546
722619 194535
560680 813738
929971 633024
416869 935038
132853 722755
352711 481857
36878 753861
195898 678181
67616 565349
957229 81387
714842 951115
456961 781664
907482 772374
167743 49316
406678 153704
354243 729931
585945 373548
925347 851659
428761 859395
243472 359252
431100 946075
91959 822531
370967 788600
737610 802569
774794 739401
190578 113642
469410 344594
180248 671854
397910 378428
546486 1422
547413 412631
847487 953293
555237 247912
928620 808528
774607 147383
343036 638278
294014 490347
293408 430310
965231 114272
138450 648448
280412 139840
309435 564940
817916 65739
627585 208014
357115 443425
877471 609603
627199 159430
479329 641727
546228 761856
157987 286536
424966 692071
485233 433231
738569 794800
126670 596961
469589 313991
89562 793105
157136 318344
683439 325132
28432 474317
178703 87227
820599 177001
89064 340965
105391 878054
887859 990389
358756 137309
66250 918329
235198 252135
712425 386680
995730 451888
310193 499550
512354 39552
424617 12765
785427 169450
480735 31373
311686 390731
616622 921260
387290 851156
434410 754068
20650 488016
232906 515789
904992 363486
111393 277818
726341 748565
675315 585018
251635 535442
253643 16077
572645 278919
818671 391594
161066 729089
996480 763700
730028 227539
453812 240503
98587 970441
206587 492442
350203 737883
392004 210178
937970 356141
83098 385170
181937 299103
252829 382302
257566 22408
794496 469199
896758 820778
848318 481762
298251 919556
164034 454523
110867 508629
303330 75997
849078 733233
914226 104396
286090 233797
186927 188579
613089 426638
437211 766749
587918 772861
268697 132238
778152 425423
732012 345663
965643 717130
824474 37159
548598 40037
390352 132225
443993 86888
28187 162375
890442 746325
287659 526191
967260 665908
455775 681576
994933 545821
223235 70485
312977 904355
958932 890992
408618 968844
69622 103691
234361 927400
185926 20693
529949 560295
657810 374288
572087 684464
382750 124061
131757 292592
115213 165968
973917 638003
51976 443668
281658 756134
445332 96083
721652 769268
702429 68371
222397 255580
415565 352328
871378 811810
454012 65668
398980 454363
848310 68701
905974 307732
661943 377195
820207 336346
712637 850553
399500 348997
46003 739920
585789 272
558123 718730
451278 941755
974061 414605
626537 15292
182352 152698
513052 276407
360792 476224
468254 745552
953570 369195
290697 568630
46930 486818
32823 277372
242504 538508
388955 10457
367045 480698
25255 288985
306704 768606
970291 912324
208328 881005
10590 373965
394113 461914
455285 362715
582330 662242
316216 777805
702119 65013
424579 20006
82751 399364
605299 352327
952658 556117
978864 41486
130348 454234
741309 5076
13903 100201
724765 84410
228288 510038
94835 905705
217677 235311
454278 970106
737732 72097
752511 215311
311884 775654
789634 377696
999518 555452
356348 12203
54075 388620
74589 603765
329216 837423
258648 599731
607390 933558
10377 238134
662691 755281
587882 99534
997289 826452
695476 338500
618906 19205
427241 766236
799118 478328
740308 229339
685760 942477
393586 311364
54865 558549
329068 845365
137810 947481
620819 198591
468724 229417
339661 304731
984587 674308
15232 9694
153226 313731
719742 672363
932968 521257
104925 962291
670756 851556
40595 809108
430899 546446
588896 502868
799829 770560
121064 708143
741409 763835
264993 383555
628849 33889
429165 203739
397518 799598
71909 736204
371473 766898
799493 207109
971404 94865
744303 247445
582072 43736
458610 960172
950746 618608
544653 89661
779478 263166
121403 198727
50485 319581
269780 34962
115479 957986
702597 703809
914527 955367
186615 160674
958603 735380
687690 516630
878689 10537
318009 470413
926658 973532
831296 781462
153326 140088
60075 600493
861809 516990
106209 946089
209018 838694
809253 328931
731214 3346
943789 587279
907506 222188
418720 604930
139229 15958
52387 512835
999661 335992
707 786237
577932 241111
753590 106320
621634 662836
344719 723466
612206 41255
782042 425536
18803 107851
233465 463594
790933 709739
808625 346355