95
391313 840462
695210 880423
17555 878780
953598 161594
999082 532946
214621 548245
485929 7022
622738 572981
539595 495457
410138 488566
440948 561299
835937 259453
111962 828239
162237 214235
443701 638814
658283 205083
217285 363897
188003 314538
881952 902919
339486 75387
192574 35929
481538 813035
814446 65358
857940 43222
219404 676602
752632 282642
667343 140814
835394 757830
199567 647463
886330 909851
318119 483244
966676 406206
40282 652100
935610 162829
53807 631263
976090 683087
912336 946247
307637 958624
390332 258903
448045 371941
833744 689821
928560 821884
354429 343521
503178 347812
829004 900583
830395 766108
851386 534427
20963 239967
234568 91412
995280 509621
178761 823431
245633 221680
418893 292020
58996 564951
552914 795375
226772 708323
855689 826853
832604 515455
725730 916012
686205 375323
384651 320660
836862 78537
389953 190878
732927 443839
964499 268370
348053 601209
219995 210894
561229 469415
817083 214413
83055 159294
629924 589756
600224 774325
116442 436565
563724 711651
796328 265442
53956 694110
609996 513026
694892 456114
412833 412558
308787 621739
610660 355266
648135 916915
796098 829236
485040 829568
468928 543054
595832 149137
2262 925994
735125 658234
465418 905524
745529 586037
752536 368789
547685 290512
883420 573794
66012 373961
677053 580705