100
470 790 680 885 826 144 441 826 330 900 666 136 658 328 153 480 196 53 871 218 965 132 341 111 509 870 503 277 400 58 234 221 199 913 457 24 408 897 849 90 796 867 225 453 194 377 284 741 429 507 310 745 638 650 207 498 519 709 127 270 118 360 490 317 625 946 692 384 842 893 473 989 759 697 442 304 425 77 396 854 583 706 950 572 355 157 70 874 217 196 495 335 907 985 3 531 930 694 915 124
91 67
67 43
43 99
99 96
96 75
75 31
31 48
48 38
38 70
27 56
56 77
77 3
3 98
98 25
25 79
79 89
89 44
44 60
82 18
18 21
21 10
10 95
95 45
45 6
6 68
68 1
1 80
83 33
33 52
52 39
39 73
73 35
35 2
2 90
90 64
64 7
100 8
8 15
15 17
17 9
9 4
4 58
58 76
76 50
50 32
14 74
74 49
49 37
37 87
87 12
12 29
29 65
65 26
26 28
23 5
5 20
20 34
34 57
57 22
22 59
59 71
71 51
51 46
84 69
69 63
63 24
24 72
72 54
54 30
30 81
81 19
19 85
86 40
40 92
92 16
16 55
55 36
36 13
13 97
97 53
53 78
62 61
61 11
11 47
47 41
41 42
42 94
94 66
66 88
88 93
31 56
89 18
1 64
7 8
32 74
26 57
71 84
81 86
13 42