20
20
65 114 129 149 253 283 296 407 572 573 641 671 720 727 839 1029 741 839 1393 1735
20
82 381 665 696 811 1075 897 1222 1075 1227 1228 1432 1657 1808 1874 1909 1930 1930 1958 1995
20
149 304 572 608 685 866 979 988 988 979 1286 1552 1605 1692 1726 1730 1737 1814 1863 1939
20
110 143 210 218 234 313 324 346 415 417 444 490 573 618 999 639 1132 999 1153 1234
20
12 112 381 488 521 733 755 672 733 790 867 985 1046 1124 1196 1272 1758 1799 1942 1992
20
48 79 125 153 159 250 259 300 313 334 376 509 554 634 649 775 956 649 1613 1857
20
10 51 121 256 287 294 591 632 798 800 798 1235 1302 1404 1458 1509 1515 1575 1850 1983
20
54 75 227 296 301 510 525 707 907 1356 720 907 1474 1508 1545 1573 1668 1687 1720 1877
20
122 142 147 274 324 324 358 448 611 632 659 664 693 885 885 800 800 1631 1799 1810
20
249 477 1310 644 1239 644 1390 1391 1434 1442 1443 1444 1487 1571 1597 1815 1879 1880 1945 1958
20
180 203 327 674 1255 1255 674 1308 1337 1369 1401 1451 1452 1488 1523 1591 1648 1868 1939 1960
20
214 283 326 609 624 1245 1338 749 1245 1345 1427 1462 1629 1671 1712 1733 1778 1805 1844 1947
20
96 104 201 634 805 883 1054 1173 1205 1173 1363 1380 1483 1549 1601 1679 1768 1827 1900 1952
20
32 127 145 173 203 298 330 343 358 422 431 538 561 593 692 1190 692 692 1359 1752
20
5 78 112 238 292 320 332 443 445 476 534 654 778 878 1350 998 809 1505 1706 1832
20
55 95 134 185 189 282 305 363 414 457 496 562 562 643 858 1207 643 1389 1612 1871
20
232 273 341 370 526 618 671 806 808 1165 1383 817 1165 1480 1529 1713 1762 1795 1942 1990
20
151 153 191 198 232 455 557 585 588 968 607 1123 607 1330 1341 1479 1480 1628 1675 1942
20
24 163 215 363 497 503 506 583 588 639 857 870 905 943 1043 1214 943 1325 1574 1643
20
69 112 199 240 286 331 435 490 497 522 542 553 620 640 739 739 739 951 1060 1783