saaaaaaaaaaaaaaasasaaasssssaaasassaasaaaassssaassasaassssasssaaasaasasaaaaasassasasasaaasasasaaaaaaa
1000
80 95
64 78
48 70
23 25
77 82
58 63
17 65
86 90
78 100
15 50
33 100
24 25
83 90
39 55
71 87
26 29
85 100
78 91
5 81
74 97
80 97
75 79
38 42
1 47
18 68
75 86
70 100
15 28
100 100
11 12
39 100
84 89
36 81
39 40
86 86
16 44
75 93
67 68
99 100
6 24
99 99
57 91
30 75
37 77
55 57
14 58
54 56
39 68
27 32
1 100
40 89
22 53
54 59
81 83
6 50
92 95
95 100
11 67
75 87
79 93
89 100
5 17
14 26
80 91
36 41
81 83
51 72
88 88
26 65
36 54
81 81
53 79
52 86
57 71
98 99
41 45
12 29
75 89
72 72
63 71
63 82
83 84
24 29
56 64
25 41
24 74
29 42
29 30
67 71
83 87
94 94
21 23
49 68
84 88
82 88
25 30
1 71
30 57
56 61
81 88
70 90
74 84
21 25
70 95
57 87
7 99
7 24
29 31
54 100
12 31
42 54
88 90
66 67
2 84
76 98
95 100
41 41
83 92
64 97
84 85
39 82
89 90
90 95
29 29
35 88
70 70
57 61
27 31
50 53
11 12
88 90
83 86
44 69
100 100
28 59
88 90
49 53
18 49
77 85
99 100
78 81
68 74
7 32
66 67
66 71
83 93
77 92
3 86
18 43
16 16
93 94
98 98
75 75
72 77
38 41
87 96
92 100
79 97
73 89
71 95
69 71
68 73
80 89
34 70
52 52
31 34
69 69
98 99
29 37
89 100
21 66
40 85
4 33
1 79
48 54
15 93
51 90
34 34
16 40
4 7
14 60
78 99
69 92
36 79
47 79
84 89
18 19
29 57
83 88
75 96
100 100
16 54
38 100
57 63
29 33
12 66
76 99
38 96
28 83
75 77
76 79
30 54
15 83
28 52
72 72
70 98
45 66
95 98
29 30
36 41
99 99
96 96
76 85
81 85
94 98
30 34
67 77
72 73
4 58
16 25
12 35
77 90
21 22
14 14
34 93
29 33
4 55
30 31
91 94
86 99
22 23
12 53
32 91
32 33
50 62
1 100
10 11
68 80
10 95
25 64
97 98
68 71
75 76
33 35
28 91
30 33
47 48
69 72
37 64
79 79
29 36
80 95
23 33
97 97
71 94
71 86
64 95
49 53
69 69
28 60
27 31
70 98
10 35
74 82
77 91
33 80
92 100
36 72
72 72
85 98
41 42
64 83
70 74
24 40
69 80
66 66
21 22
79 83
29 67
42 74
35 37
31 34
51 94
89 95
16 17
83 88
99 99
8 68
54 76
1 100
24 72
53 95
48 53
64 67
72 90
55 95
29 30
81 82
47 65
13 52
79 97
17 78
51 54
69 91
26 29
57 67
60 94
20 68
22 27
41 46
22 49
80 84
69 72
18 22
43 80
45 53
40 57
60 82
29 41
39 82
88 91
4 75
89 100
84 88
55 97
1 6
13 14
49 54
18 19
91 91
75 76
77 84
68 99
78 96
28 68
33 37
38 80
17 17
36 95
31 37
71 72
6 55
63 83
17 34
1 13
82 97
47 99
89 99
65 89
8 92
70 73
31 33
75 98
86 90
37 88
88 100
47 71
37 60
75 94
69 70
73 76
22 99
99 100
53 74
97 99
8 8
7 15
29 49
86 94
62 69
21 91
27 71
21 74
73 76
56 56
8 53
18 60
98 99
8 29
100 100
23 79
44 93
7 9
91 94
9 87
27 99
55 60
26 85
56 83
50 51
39 44
92 92
32 85
95 100
68 73
70 80
58 68
44 52
16 25
64 89
33 99
14 80
93 94
64 94
41 72
39 43
34 42
25 25
6 74
20 70
75 90
69 73
93 95
97 97
28 52
93 98
73 100
5 7
63 68
35 83
61 98
86 92
5 86
95 97
26 28
29 30
31 90
90 95
15 70
17 20
79 81
58 89
67 67
83 87
28 82
88 88
77 80
89 98
62 66
3 72
1 97
56 90
52 55
81 93
5 7
93 96
24 69
83 96
32 79
69 78
77 90
55 76
85 86
85 87
82 83
8 26
94 100
9 63
19 50
60 79
33 76
15 90
78 99
14 86
7 60
64 84
61 95
41 70
44 46
74 92
12 48
56 92
47 54
23 49
56 60
23 89
54 54
86 93
44 46
74 79
98 99
72 92
49 50
42 75
52 93
4 31
36 74
4 20
72 72
2 71
57 75
74 88
64 74
59 79
43 80
74 77
89 99
76 84
41 82
11 13
94 95
10 96
2 3
17 99
53 84
3 30
75 78
83 91
75 88
17 65
82 100
56 57
48 76
6 60
88 97
57 60
85 95
53 94
70 71
81 94
22 72
13 44
80 90
15 50
33 42
26 35
28 31
77 85
30 79
28 76
54 56
71 80
82 88
9 47
87 98
100 100
91 93
75 98
27 39
94 98
22 84
24 25
11 61
5 66
46 84
86 100
34 39
95 97
88 90
11 89
49 69
5 8
82 85
63 78
68 84
55 75
73 74
73 77
25 39
40 45
6 11
68 92
16 20
57 80
81 98
32 71
25 86
64 69
49 54
23 90
94 96
30 91
96 96
88 89
41 68
18 87
63 85
99 99
8 70
100 100
90 100
88 99
78 86
1 68
58 59
69 85
88 98
63 97
1 41
42 84
91 92
45 60
15 36
80 85
68 90
27 70
66 67
59 97
8 78
50 85
56 64
42 55
45 88
12 75
57 95
12 12
13 92
1 5
46 78
29 77
75 79
73 79
70 90
100 100
96 96
63 67
73 74
72 75
94 94
25 83
77 86
19 26
5 35
13 53
87 93
17 52
84 90
65 91
16 46
61 72
25 81
31 81
22 58
19 64
77 83
27 67
21 47
22 24
92 97
66 67
74 74
92 93
96 97
24 53
81 82
17 95
91 98
69 79
88 90
71 96
98 99
12 75
29 32
99 99
17 20
82 99
3 40
65 66
12 94
58 71
49 52
27 40
85 91
23 23
64 88
52 93
67 88
96 99
92 92
38 86
24 43
50 66
59 83
8 82
54 85
6 74
47 97
78 99
65 66
14 77
43 75
62 69
66 67
48 61
53 66
92 96
49 52
52 81
30 60
74 79
33 56
81 97
45 94
6 50
7 96
13 16
39 55
19 21
66 70
25 58
75 91
57 57
81 83
33 68
61 83
90 90
14 49
13 17
60 98
85 86
86 92
17 30
40 91
94 94
18 89
25 27
83 94
35 59
4 17
69 72
6 86
58 99
20 39
89 96
80 98
94 97
51 67
47 81
2 66
11 35
38 60
36 69
6 97
10 73
79 96
15 45
24 28
85 86
2 3
24 43
63 63
40 80
81 93
31 56
44 50
47 68
93 97
40 95
93 95
26 62
14 26
34 50
57 86
68 70
9 11
58 61
26 75
44 98
90 99
59 61
39 43
80 84
10 92
1 19
60 67
16 76
97 97
70 72
84 84
71 99
1 33
4 23
81 89
50 68
78 90
90 100
96 100
84 100
48 67
33 45
85 97
93 99
51 53
58 70
69 76
48 55
72 81
89 95
50 100
87 87
78 86
34 34
45 53
23 24
68 87
39 57
15 46
59 78
6 8
28 28
56 64
31 92
81 86
32 64
42 65
96 99
82 90
88 90
24 34
70 74
94 94
58 79
8 12
20 35
90 90
79 81
58 60
36 74
25 76
96 96
87 89
86 87
22 92
61 79
36 37
39 90
100 100
95 100
54 54
70 71
18 66
65 74
65 73
76 95
86 87
22 72
70 73
4 69
16 100
27 88
49 51
73 98
69 75
50 96
52 68
40 85
19 49
100 100
9 89
98 99
99 99
17 21
100 100
8 86
2 89
93 98
86 97
53 89
32 34
86 93
41 48
22 56
65 93
4 6
39 81
69 76
7 85
15 27
25 99
82 83
20 80
42 68
74 92
18 24
17 84
72 73
1 91
80 81
57 85
68 72
63 65
96 98
11 54
84 100
100 100
20 92
71 79
29 34
40 53
3 99
24 78
40 84
48 82
67 80
3 56
33 86
17 96
72 97
19 21
80 88
99 100
27 28
92 92
40 50
40 58
29 39
92 95
68 81
22 46
33 38
42 77
27 56
83 86
33 77
17 28
99 100
72 74
36 71
17 99
36 56
37 65
52 75
34 59
57 67
100 100
40 40
57 84
63 68
39 80
44 57
49 69
4 94
59 83
80 85
63 97
94 99
22 58
1 5
50 69
75 78
32 62
78 82
38 59
84 88
52 98
64 93
73 90
53 98
63 82
86 94
4 47
82 92
12 16
77 97
83 97
98 100
8 45
92 97
43 46
70 95
88 89
69 75
47 72
10 89
1 74
90 100
79 81
5 30
24 27
11 77
64 100
14 100
83 94
67 69
63 68
33 96
55 99
7 47
23 45
21 22
38 40
82 94
64 67
9 81
22 95
7 88
86 98
77 94
73 75
27 30
97 97
96 97
33 84
76 78
54 64
63 83
59 84
26 80
60 63
3 59
