hvvhhvvvvvvvrvvhvhvvvhrvhvhvhvhhvvvrvrvhvvvvhhvvhhvvvvhhvvhhhhhhhhvvvhrvvhvhhvvvrvhhvvvvvvvvrvvvvhvv
1000
79 94
19 26
63 91
28 33
98 99
72 93
10 28
57 85
72 76
68 93
94 98
84 95
45 54
12 83
55 60
28 56
82 97
10 11
95 99
79 99
74 82
77 82
43 44
89 95
31 80
57 89
1 9
30 82
100 100
31 36
60 62
87 88
73 78
76 94
59 91
65 73
69 85
86 89
5 79
29 49
43 98
89 100
16 16
55 61
59 75
29 82
65 67
88 91
6 51
96 97
65 94
20 71
77 87
20 69
42 47
11 76
72 85
93 98
12 19
70 72
56 85
11 66
45 76
32 86
91 91
14 39
99 100
82 83
46 48
91 100
54 55
99 100
26 84
23 79
21 22
3 78
95 95
18 98
53 65
53 90
94 97
98 100
95 99
29 31
72 72
33 73
58 80
25 59
36 83
91 94
8 11
46 49
40 57
84 95
99 99
31 97
69 74
17 71
74 76
26 28
28 71
95 99
49 67
95 98
1 100
81 100
49 95
68 82
41 93
56 89
63 97
91 97
85 89
5 10
27 93
36 99
80 80
43 69
62 91
41 57
70 92
84 100
24 71
37 58
35 38
86 95
29 77
67 72
88 89
59 64
66 70
28 60
28 49
97 100
12 15
3 90
18 46
58 86
47 57
85 86
23 57
44 79
21 25
44 48
4 69
29 100
85 96
91 96
97 99
22 48
6 92
23 80
75 100
73 73
73 92
98 98
34 37
77 84
19 70
74 87
57 62
74 92
89 98
69 73
6 24
1 7
26 45
89 89
9 28
100 100
74 87
22 41
16 74
72 72
65 67
67 70
86 87
12 19
34 85
19 33
81 92
6 86
33 38
47 64
90 95
14 18
61 97
51 58
22 35
54 54
46 50
84 90
55 87
55 98
22 33
64 68
18 72
4 73
63 63
57 71
19 95
14 16
27 90
7 56
40 48
9 48
44 57
5 45
74 99
7 12
66 100
40 91
53 62
67 88
6 10
51 100
82 95
1 94
46 82
32 35
17 36
45 99
66 92
39 42
18 22
50 72
79 100
10 44
88 92
76 95
50 56
34 57
92 95
24 83
6 59
65 90
56 89
51 89
60 84
9 42
89 92
94 97
16 48
87 98
91 99
27 49
49 81
25 93
22 82
14 47
13 62
98 98
20 71
14 95
84 99
44 59
57 76
24 83
60 62
70 70
17 64
44 94
7 80
94 98
32 45
51 96
39 44
72 77
30 40
35 79
6 61
49 92
33 39
9 19
73 78
77 86
41 47
16 32
86 94
93 100
55 70
24 48
65 92
47 52
85 92
26 90
6 28
41 45
40 99
47 77
1 83
74 78
69 73
65 85
3 6
72 74
33 56
73 85
59 60
70 71
100 100
78 83
37 74
87 90
33 93
99 100
15 28
63 68
54 86
1 28
33 50
9 42
8 97
97 99
65 73
96 98
100 100
66 84
22 58
61 61
45 46
78 83
38 70
64 88
17 80
57 84
42 93
14 99
59 85
63 72
50 75
94 97
22 24
4 96
18 62
65 65
35 85
29 31
64 77
98 99
46 55
50 54
25 92
98 98
72 88
29 51
94 94
77 78
75 84
83 86
96 97
49 93
65 94
4 48
25 50
82 85
3 76
92 93
92 94
71 90
75 79
19 20
87 91
20 78
94 95
37 58
47 49
99 100
38 43
98 100
71 71
67 67
46 81
34 64
39 78
49 50
22 22
40 72
46 51
17 98
88 88
16 38
84 88
17 48
81 97
27 51
63 63
98 98
50 100
73 92
80 80
44 63
37 39
84 96
85 92
84 84
2 83
29 33
44 64
6 46
42 43
30 66
53 54
53 99
50 70
84 89
55 79
35 100
4 71
74 78
36 62
46 59
94 97
29 29
83 89
92 94
14 73
88 95
55 61
64 79
64 72
2 47
50 94
10 17
88 90
47 54
90 93
33 59
95 96
97 100
40 40
88 98
84 88
93 93
43 53
89 92
30 80
65 65
63 71
59 94
19 50
52 53
72 91
61 65
93 96
56 92
87 88
40 76
94 98
27 27
64 65
26 69
39 74
52 99
48 52
73 88
19 23
14 40
14 61
74 86
80 88
51 64
90 91
54 58
56 95
8 85
80 83
60 93
77 88
20 65
4 18
89 95
50 86
52 55
81 95
39 39
40 95
80 92
79 94
100 100
17 19
73 76
1 100
91 96
45 94
59 72
59 59
70 71
80 86
40 41
93 96
76 79
94 99
48 55
79 98
61 74
41 41
64 70
98 100
79 87
88 91
77 85
84 84
81 86
71 76
17 85
58 58
48 72
60 99
79 81
97 99
15 15
1 26
10 100
61 93
65 77
3 48
43 80
49 78
58 64
11 11
88 91
7 93
78 84
23 76
34 80
1 3
59 71
47 86
35 40
88 93
66 97
16 81
34 64
28 31
46 85
37 51
18 76
25 98
35 37
42 91
44 78
47 52
77 80
67 98
16 83
59 60
85 89
80 95
49 69
11 14
31 59
53 60
14 91
31 43
38 43
23 53
22 26
4 48
37 48
28 30
28 31
75 84
45 97
3 98
54 67
90 100
12 24
95 100
77 86
68 94
45 60
60 96
43 63
60 64
79 79
100 100
15 19
53 76
52 91
50 51
22 63
48 69
63 63
79 79
88 90
1 89
98 98
48 61
84 85
79 80
7 12
27 55
72 76
38 51
48 95
21 69
32 62
64 71
12 16
54 56
16 87
100 100
69 84
97 97
17 45
100 100
59 61
84 85
23 74
14 19
67 78
68 91
40 73
64 68
35 74
82 83
5 41
49 52
78 98
67 89
6 53
15 60
73 76
50 75
61 91
27 30
76 94
1 100
72 88
76 78
21 22
16 76
89 91
84 93
43 48
37 39
44 89
89 95
57 60
68 73
64 70
51 89
3 40
43 63
1 1
96 99
14 72
42 69
30 34
63 92
72 80
96 99
31 94
4 7
56 69
99 99
49 98
40 40
97 99
23 24
79 86
14 14
82 93
100 100
64 74
80 91
84 90
74 77
55 66
72 91
37 49
4 4
15 16
83 83
45 71
82 94
30 30
58 58
39 85
40 53
38 39
72 82
32 63
54 56
99 99
70 92
16 27
66 72
31 40
54 87
44 87
58 96
18 26
24 31
60 64
59 62
60 64
46 47
61 68
8 42
76 92
55 58
43 44
82 94
67 95
59 62
46 49
97 98
54 86
90 98
98 100
23 83
13 13
56 63
62 77
98 100
52 67
43 68
73 78
98 98
55 61
12 89
55 71
23 33
59 60
74 84
44 72
39 67
60 60
34 39
88 98
42 71
53 87
11 65
91 93
27 92
2 3
4 12
93 98
40 74
4 89
77 89
68 75
85 89
33 61
50 50
25 25
59 84
39 41
51 80
65 86
94 94
47 68
93 93
3 21
79 79
18 69
83 99
57 87
2 6
11 84
97 98
47 78
5 70
7 25
24 27
6 77
91 91
8 64
21 60
98 98
90 100
47 76
13 15
21 24
89 96
4 51
9 37
37 38
95 97
85 95
25 26
50 50
39 78
84 88
4 56
59 99
81 84
6 29
73 87
73 74
8 11
79 84
38 46
22 95
18 57
9 46
11 30
96 100
55 90
62 66
53 55
11 53
16 17
66 79
10 99
3 7
66 88
54 70
82 91
2 25
59 79
80 80
96 97
33 79
36 71
46 87
65 100
49 88
79 83
57 66
18 52
23 99
49 84
54 72
92 92
35 50
61 66
90 99
61 80
95 97
82 97
97 99
28 74
91 94
1 79
2 8
12 15
96 96
88 91
88 100
70 74
77 90
59 61
14 66
22 24
49 68
4 90
71 78
63 85
20 40
71 71
100 100
43 70
23 33
57 58
75 93
93 93
84 87
10 69
24 28
60 62
11 81
28 28
23 24
44 65
29 89
41 67
31 81
12 16
96 96
95 100
31 99
43 67
100 100
82 87
98 99
86 86
100 100
92 96
45 53
93 100
11 60
8 73
13 51
53 99
54 62
8 11
9 11
22 51
16 72
24 49
7 12
41 44
1 2
86 89
15 37
100 100
3 10
60 83
16 53
5 51
85 95
72 92
69 88
58 62
42 57
3 64
28 62
56 67
17 22
69 75
19 21
38 41
3 73
33 34
4 88
53 68
65 76
64 94
49 98
65 81
40 43
92 94
28 100
77 93
77 77
56 76
43 68
83 83
83 99
63 67
20 21
1 1
85 92
55 72
67 70
97 100
3 70
76 90
10 14
82 93
17 86
58 74
12 12
66 84
48 60
22 67
52 84
73 100
44 47
42 42
18 56
73 83
32 75
89 93
5 38
62 78
41 46
93 95
3 99
73 90
63 85
77 82
43 49
64 66
61 66
53 95
21 63
24 53
69 74
32 73
59 59
77 78
29 92
91 95
96 99
100 100
80 83
70 82
48 80
52 70
6 83
38 63
53 69
51 99
76 97
79 80
12 49
87 95
58 61
12 81
39 44
25 29
67 100
37 84
28 98
98 100
6 9
