abacabadabacabalalalalaupsqooisitcooltestithinkthatmaybewoooowcooomeeeowlovenya
1000
47 49
69 72
57 60
27 30
20 22
65 68
15 16
74 77
2 2
54 57
45 47
63 66
16 17
60 60
18 19
74 74
57 59
53 54
19 20
25 27
34 34
51 52
68 68
50 51
9 12
66 68
66 66
27 28
7 9
7 9
4 7
1 4
63 64
5 6
72 74
33 33
61 62
48 51
60 63
30 31
12 13
72 75
62 64
67 67
43 44
47 48
13 15
11 12
3 5
19 20
73 75
38 41
7 8
5 5
23 25
24 25
30 33
2 4
20 23
52 55
6 8
5 5
65 68
53 54
14 14
3 4
24 27
42 42
31 34
8 9
46 48
57 57
6 9
31 34
43 45
3 4
77 78
11 14
25 25
43 46
39 41
17 19
60 62
42 45
64 66
62 63
18 20
43 46
21 21
48 48
47 48
10 13
63 64
54 55
15 18
42 44
49 51
7 7
41 41
42 44
23 23
1 1
14 14
21 22
34 36
1 3
73 74
12 13
75 76
58 61
45 48
53 56
27 30
28 30
51 51
44 47
64 67
42 43
49 49
42 44
37 40
63 63
11 12
5 8
36 37
5 6
44 45
26 26
66 68
9 11
57 58
29 32
74 77
58 58
38 41
11 13
22 22
46 48
24 25
13 14
43 45
36 39
51 54
70 73
9 9
3 4
64 65
63 63
62 62
18 18
48 49
70 70
69 72
49 49
57 57
5 7
15 16
55 57
18 21
74 75
70 72
23 23
67 67
23 23
30 31
7 10
37 40
64 64
64 66
42 44
33 33
13 13
5 6
25 28
26 29
36 37
18 20
26 29
41 43
54 57
67 70
30 31
74 74
74 76
58 60
11 13
65 66
30 32
61 64
41 43
77 77
50 52
17 20
36 38
11 11
49 50
29 29
27 30
2 5
13 13
4 5
53 53
12 13
52 54
60 61
37 39
4 6
52 52
37 38
48 49
66 69
65 67
30 32
46 46
20 20
52 52
33 35
40 43
52 54
36 38
25 26
19 19
72 73
8 10
78 78
66 66
35 35
21 23
55 55
2 2
76 79
32 33
66 67
58 60
24 27
45 48
44 44
14 17
61 62
11 13
30 33
6 8
38 38
6 7
18 19
41 44
19 21
73 76
3 5
47 50
15 15
51 53
25 28
51 52
63 64
49 49
65 68
37 39
31 33
44 46
41 42
52 54
46 49
45 47
66 67
22 23
69 69
17 17
46 47
79 79
28 29
24 27
32 33
33 36
37 37
77 79
67 69
3 6
45 46
49 52
39 41
43 45
69 71
61 63
24 25
1 3
75 75
18 20
51 51
5 7
31 33
66 67
73 75
59 60
8 10
32 32
30 30
47 50
42 44
12 12
32 35
14 15
22 22
61 61
23 23
67 68
41 42
40 40
17 17
19 22
34 37
16 16
59 59
2 4
37 40
4 5
67 70
32 32
56 56
10 13
63 63
59 59
27 27
10 11
24 27
2 5
14 17
36 39
66 68
6 6
1 2
22 25
61 61
76 76
10 11
4 6
1 1
45 48
78 79
24 27
46 48
72 74
59 61
26 27
65 66
58 58
72 75
66 67
53 53
60 60
21 21
68 70
47 49
19 21
26 28
11 14
63 65
36 38
61 63
56 56
34 35
28 28
22 22
71 72
39 39
29 31
71 74
57 59
36 36
61 63
38 40
14 15
61 64
18 18
51 54
53 53
1 2
45 46
7 9
40 43
64 65
9 12
72 72
71 72
61 61
68 71
59 62
47 47
50 52
42 42
66 69
23 26
23 26
74 75
34 34
12 13
65 65
28 29
71 74
39 42
24 24
37 39
6 9
20 22
49 51
73 74
14 16
62 63
68 71
40 41
48 50
45 48
36 38
79 79
35 36
22 22
5 6
57 59
9 9
26 27
38 41
59 60
17 20
30 30
27 29
25 27
57 57
32 34
15 18
23 26
32 35
36 36
78 78
47 48
58 61
20 21
7 7
43 43
14 17
48 51
68 71
75 78
68 69
45 45
33 35
42 45
55 56
59 62
8 10
76 77
52 52
9 10
50 51
65 68
49 52
67 69
58 58
3 3
46 49
8 8
18 21
36 39
76 78
74 74
9 10
46 48
45 48
5 8
64 65
60 63
50 50
25 25
63 65
32 33
28 29
18 19
28 31
67 68
1 3
76 78
16 16
22 24
38 38
40 40
43 44
33 34
35 38
17 17
62 65
27 29
16 18
30 31
36 36
54 55
6 9
20 20
75 78
55 56
7 9
49 51
15 15
22 22
61 64
56 57
26 29
41 43
30 31
35 36
50 50
25 27
8 10
77 78
1 1
8 8
1 2
32 32
16 16
18 20
57 59
63 63
41 43
16 18
22 24
79 79
2 5
2 5
79 79
19 22
35 37
25 26
26 29
49 49
2 4
63 63
39 41
32 35
5 6
73 73
36 37
69 71
57 58
7 7
78 78
7 8
1 4
7 9
12 15
78 79
2 3
70 71
79 79
8 10
6 6
11 11
21 22
15 17
66 68
36 36
72 72
13 16
67 70
51 52
32 32
60 63
20 20
8 11
24 24
69 72
72 73
59 62
3 6
44 47
45 46
65 68
48 51
55 57
22 22
60 60
76 78
45 48
59 60
48 49
45 46
40 43
47 48
41 41
62 65
34 37
57 58
38 38
35 35
45 46
75 76
26 27
28 30
39 42
68 68
43 46
15 17
26 28
70 71
31 31
54 54
52 54
51 52
63 64
24 27
67 70
20 23
29 31
40 43
59 59
38 39
55 58
45 45
31 34
53 54
19 20
33 35
18 19
44 45
29 29
63 66
45 45
49 52
56 58
62 65
8 9
24 27
5 7
57 58
30 30
71 71
41 44
52 52
50 52
21 23
75 76
34 36
40 43
28 29
44 45
20 23
29 30
45 46
30 32
23 24
74 76
49 51
17 19
65 68
19 22
4 6
35 35
60 61
3 5
16 16
8 8
1 2
4 5
29 32
12 12
55 57
18 21
3 6
41 44
60 61
69 70
20 21
38 39
68 70
12 13
68 70
35 38
27 27
62 63
78 79
71 73
61 61
59 59
26 29
74 77
32 34
21 24
22 23
45 45
22 25
62 65
34 36
13 16
13 15
75 78
19 22
56 58
79 79
74 75
24 26
13 15
5 7
28 31
68 71
65 68
31 32
40 42
52 52
44 47
67 68
60 61
22 23
29 31
54 57
40 42
73 73
62 62
65 66
59 59
10 10
47 47
59 60
58 58
35 35
8 9
24 24
41 43
60 63
14 17
24 26
71 71
57 60
28 31
32 35
55 58
39 42
51 52
2 2
23 23
29 31
13 13
30 33
45 47
10 12
20 23
58 59
35 36
62 64
66 67
14 16
71 74
53 56
20 20
78 79
3 3
9 10
45 46
2 5
48 50
6 8
71 71
10 11
24 25
15 17
8 11
55 57
43 43
29 32
20 20
19 20
59 60
70 71
55 56
68 71
70 72
52 55
3 4
35 37
17 19
61 61
43 43
3 5
7 8
32 33
56 58
39 39
56 57
60 61
68 70
61 61
47 50
18 19
11 12
2 4
7 7
37 37
55 58
53 53
40 40
22 25
24 25
51 51
11 14
34 37
25 27
34 36
54 56
35 36
53 56
34 37
52 55
66 69
50 51
61 63
77 78
79 79
17 18
33 36
5 8
47 49
7 8
48 48
10 11
30 31
46 46
39 39
5 6
77 78
6 9
57 60
57 57
41 43
4 5
68 71
15 15
20 23
29 29
19 21
29 32
4 4
56 58
59 60
44 45
67 68
59 62
49 49
66 68
47 49
10 11
23 26
75 78
59 59
26 27
69 69
48 51
56 56
3 3
51 51
25 27
46 48
60 60
57 60
78 78
43 44
11 14
72 73
67 70
11 14
21 23
70 73
17 18
67 70
11 11
72 72
7 7
33 33
8 8
28 29
72 73
50 53
24 25
41 41
53 56
67 69
34 35
23 26
62 63
11 14
15 15
56 56
70 70
13 14
78 79
55 58
4 7
32 35
62 65
53 54
42 42
70 72
20 23
33 36
35 38
26 27
25 26
24 27
74 74
54 57
52 55
42 42
27 29
22 25
43 43
53 55
14 17
22 25
63 65
19 21
38 39
68 68
60 62
76 77
24 25
61 62
31 32
26 26
58 58
61 64
77 79
33 36
56 59
29 32
40 43
13 14
10 10
18 20
51 51
8 11
13 16
6 9
31 33
2 2
75 76
75 76
39 40
55 57
17 18
36 38
64 64
16 19
47 47
43 45
44 47
31 34
75 77
46 47
76 79
35 38
34 37
21 21
52 53
24 27
56 59
10 13
21 21
48 51
29 29
40 41
2 4
2 2
27 29
76 79
78 78
69 71
33 34
44 44
55 56
68 71
66 69
33 34
68 69
50 52
69 69
54 56
30 33
70 70
28 30
11 13
12 14
28 28
58 60
10 10
60 61
28 29
13 16
43 43
17 20
23 24
22 23
41 41
33 33
24 27
20 21
