ddddadadaaaadadaadadaddaaddaaadadddddadddadd
990
14 15
9 10
23 38
4 4
30 38
17 44
43 43
23 44
5 5
7 17
2 10
24 28
7 15
22 35
16 28
13 22
16 44
6 39
1 12
34 39
5 21
6 38
34 37
18 40
8 8
13 19
5 9
28 31
16 36
2 11
1 30
1 13
2 38
11 19
20 29
23 34
12 12
14 20
15 26
34 38
12 39
30 39
10 40
10 38
30 31
10 35
27 30
6 12
19 24
19 25
15 34
9 33
7 22
29 33
10 27
3 39
6 41
5 18
7 40
19 44
32 41
26 36
2 2
12 15
30 35
6 44
9 28
16 17
6 29
1 4
24 41
13 32
10 10
8 36
1 28
5 39
23 29
10 24
4 11
31 35
31 32
21 28
4 15
16 34
4 7
24 36
18 27
12 30
19 34
9 21
1 26
6 31
33 44
29 31
15 18
18 20
21 34
12 27
5 28
21 21
24 38
19 27
39 41
24 29
2 28
3 35
27 42
18 23
8 14
20 24
7 9
21 33
2 4
11 28
35 38
9 31
32 43
22 25
7 11
35 37
11 38
3 42
8 42
1 11
4 40
15 28
7 30
19 33
2 18
17 36
18 42
36 43
10 18
1 6
5 42
14 44
10 22
7 16
1 33
23 42
18 31
15 32
3 9
2 17
38 39
25 28
3 19
15 25
6 9
12 44
11 37
29 41
10 32
10 13
5 14
17 32
5 30
3 30
24 31
25 32
18 19
11 18
4 20
4 9
10 33
24 24
21 42
14 40
26 40
1 34
37 41
1 44
2 14
9 37
32 34
37 37
7 23
39 43
29 43
8 38
15 43
26 28
4 21
19 21
15 36
11 14
20 42
1 10
3 41
21 44
1 14
22 43
9 17
18 41
17 42
8 17
2 44
37 40
41 41
2 23
11 16
29 38
4 41
8 15
6 33
3 14
3 25
8 44
28 35
6 28
30 44
21 39
31 34
10 29
2 27
16 33
34 42
17 24
18 43
8 24
26 44
8 20
36 41
12 32
15 16
2 26
6 16
4 34
25 37
34 34
5 22
23 32
3 34
11 32
15 24
34 44
27 27
6 7
40 43
38 44
24 42
7 44
18 21
5 24
29 42
20 23
14 27
17 43
44 44
4 6
4 43
9 43
36 37
23 37
18 30
15 38
3 29
16 42
4 24
1 20
42 44
24 43
22 44
19 41
2 32
18 38
26 39
10 20
3 26
5 10
7 24
7 32
30 34
15 20
5 12
4 12
21 41
11 13
21 22
19 37
2 41
1 23
9 25
11 41
24 44
15 39
11 25
22 29
1 27
10 43
24 34
3 31
8 37
12 34
26 34
9 41
7 8
17 28
12 28
36 39
22 32
12 20
38 43
12 26
31 37
21 30
37 38
17 40
4 25
9 16
11 39
10 37
18 44
1 18
10 36
10 34
30 40
12 19
12 37
27 44
33 34
34 41
26 43
8 30
4 28
32 40
1 24
17 35
1 22
16 26
31 31
11 29
3 6
10 21
1 40
2 22
1 41
14 29
4 5
15 19
26 42
6 6
3 13
12 40
13 16
33 39
39 39
8 29
27 40
30 33
25 40
18 29
7 34
1 32
34 36
30 42
7 27
6 17
26 33
14 19
15 23
19 20
17 41
20 41
21 26
11 33
9 36
10 31
14 17
17 20
22 42
4 31
6 19
13 43
14 22
5 44
17 27
13 14
12 29
27 36
5 31
2 37
27 32
21 40
1 1
29 36
15 41
19 40
1 8
31 40
33 36
37 39
32 33
16 40
2 20
28 30
9 42
1 38
4 26
7 33
2 13
25 34
35 43
6 24
8 18
25 43
22 39
5 34
10 17
2 8
3 23
24 27
8 22
33 33
14 30
9 23
16 38
14 24
35 41
8 26
2 21
12 25
28 34
32 39
3 37
17 34
22 28
31 39
11 40
23 40
35 35
17 39
1 17
36 40
5 19
19 23
13 24
6 42
10 12
16 37
14 21
30 36
22 41
25 42
19 26
37 44
12 36
20 22
12 38
14 18
17 17
28 38
10 39
6 11
1 2
13 26
18 35
12 43
24 26
23 30
14 26
6 13
28 42
25 38
15 21
28 40
24 32
8 16
4 44
23 28
22 27
5 6
5 15
9 34
3 20
17 23
16 20
30 41
2 3
18 25
36 44
8 23
1 31
40 42
1 35
12 31
33 41
16 23
27 43
18 39
3 11
41 43
11 35
6 23
2 30
32 36
19 32
3 18
2 42
13 25
29 35
6 43
14 37
10 23
12 16
20 27
6 20
2 31
32 44
26 35
4 39
8 13
3 12
20 44
4 8
14 25
18 32
12 41
32 42
7 25
25 36
23 25
7 18
26 37
15 31
38 41
11 24
18 18
21 29
23 36
29 44
5 35
3 32
15 35
35 39
8 39
28 39
27 41
12 23
20 37
19 28
32 32
3 3
17 30
9 14
16 16
23 41
7 29
3 43
5 7
20 33
8 21
15 33
8 33
23 26
14 38
25 44
5 40
5 36
21 32
4 10
9 40
16 39
33 37
31 41
19 22
5 37
6 35
4 16
31 38
17 21
19 38
21 31
20 34
3 33
8 32
11 17
20 26
6 36
10 11
25 30
8 12
25 31
8 40
2 19
1 15
33 43
24 40
13 15
6 26
7 14
13 40
4 33
8 34
27 37
24 25
13 21
17 25
42 42
18 34
14 28
6 27
9 39
16 43
29 34
41 44
23 24
11 27
26 32
28 32
42 43
3 7
26 30
27 29
32 37
3 24
38 40
10 28
22 22
2 34
5 41
25 27
9 12
22 30
5 32
7 35
13 17
17 29
25 39
8 19
38 38
18 37
9 20
33 42
7 28
13 28
23 31
36 38
5 43
14 33
4 30
10 30
12 18
27 35
13 13
19 31
23 27
15 22
11 31
8 27
14 39
12 33
28 36
30 37
33 38
4 13
31 36
28 29
3 44
19 19
11 26
11 23
21 24
26 41
8 31
20 32
14 35
25 41
35 36
1 19
40 41
1 39
2 5
31 44
16 19
7 36
2 29
6 34
6 14
2 35
30 30
24 37
23 35
13 27
28 28
9 27
5 38
13 31
30 32
29 40
20 38
5 20
23 33
2 24
4 35
12 14
19 35
9 24
12 24
6 40
16 31
2 39
10 25
43 44
7 41
27 31
2 16
15 30
17 38
32 35
21 37
17 22
9 29
13 29
7 31
1 37
7 12
5 13
12 22
9 22
4 42
2 33
19 39
19 43
11 22
25 25
3 17
22 26
13 44
28 37
37 43
13 38
24 39
8 11
22 24
3 22
13 20
27 28
3 36
14 32
3 15
9 44
11 43
1 9
4 27
8 25
6 8
12 35
28 44
34 40
6 18
14 31
21 23
5 26
13 23
3 10
21 35
12 17
20 35
4 19
20 31
26 31
1 42
16 32
21 38
5 23
11 20
5 17
32 38
8 41
28 43
15 42
18 26
1 16
17 37
29 32
9 26
2 6
13 42
29 29
13 35
7 10
13 41
10 26
11 11
35 42
4 22
18 33
19 29
20 40
13 36
3 5
36 36
21 43
16 27
7 26
22 40
3 21
3 28
4 37
8 35
3 27
24 35
10 15
37 42
9 35
11 34
7 42
3 40
7 39
25 26
10 41
4 17
4 32
9 32
15 29
35 40
8 9
3 38
5 29
1 21
5 16
9 13
4 38
2 40
16 21
18 28
5 8
25 33
14 23
1 36
22 36
29 39
10 19
6 32
6 15
24 30
17 33
29 30
41 42
5 25
20 20
9 30
13 18
31 42
7 20
14 41
13 37
4 29
10 16
7 21
19 30
14 43
1 5
26 29
6 25
14 42
15 15
15 17
5 33
15 27
4 23
9 18
17 19
22 37
27 34
2 15
25 29
27 38
36 42
24 33
21 25
3 16
14 16
5 27
9 19
2 9
39 42
23 43
11 42
7 43
31 33
1 43
16 35
6 37
34 43
11 30
20 39
21 27
22 38
16 41
12 42
20 36
13 39
1 29
6 10
23 23
6 21
22 33
13 34
40 44
16 25
15 37
5 11
20 43
8 43
28 41
11 21
11 44
12 21
16 29
16 18
17 26
35 44
6 22
18 24
7 37
34 35
9 9
4 18
11 15
39 44
17 18
30 43
15 40
14 14
26 38
12 13
27 33
14 36
38 42
19 36
2 43
4 14
10 14
7 13
22 23
21 36
2 25
22 34
39 40
25 35
1 25
16 24
16 22
33 40
2 7
1 7
20 25
1 3
10 42
29 37
9 11
20 21
26 27
20 28
16 30
4 36
9 38
2 36
18 22
11 12
6 30
28 33
3 8
14 34
26 26
23 39
3 4
7 38
8 28
13 33
31 43
2 12
15 44
11 36
9 15
27 39
40 40
20 30
13 30
10 44
8 10
19 42
22 31
7 7
7 19
17 31
18 36
33 35
