qaqqqaqqqxqxxxqqxaqqqqxxqqxqxaxxqxqxxxaaqaxx
990
3 5
9 43
28 41
8 39
8 28
37 40
14 36
33 44
22 33
8 43
11 29
10 10
4 40
18 21
10 22
6 38
1 25
23 26
20 27
8 13
15 43
4 4
31 32
29 42
30 32
2 3
18 40
3 10
15 42
17 39
15 32
16 17
14 24
12 39
17 17
1 27
25 43
29 43
27 40
12 28
9 18
6 39
2 14
34 41
5 14
1 6
24 27
4 43
11 18
32 38
35 38
2 34
11 36
7 33
9 17
11 33
33 43
39 39
28 39
12 38
10 33
10 30
18 44
10 21
17 21
12 23
2 2
24 36
17 43
28 42
15 18
24 28
15 28
7 24
7 18
29 34
8 30
31 37
13 31
33 38
4 7
11 40
1 18
14 27
20 38
9 15
1 34
20 31
3 3
8 17
4 27
19 27
1 36
14 44
2 27
7 12
10 43
34 34
19 20
33 42
12 29
20 43
17 18
6 20
14 37
4 32
23 27
16 28
22 37
7 9
2 24
1 8
23 42
21 29
38 38
4 15
6 37
30 39
17 41
4 8
34 44
23 34
23 38
23 24
10 42
3 20
1 43
25 35
3 4
10 38
2 25
17 23
1 1
5 10
26 38
17 19
12 25
12 24
1 13
22 32
3 40
26 30
14 15
5 43
2 15
9 36
21 41
9 10
26 40
9 34
23 33
7 37
2 44
35 42
2 6
2 41
41 41
34 38
20 41
19 37
8 44
16 23
11 20
15 26
16 37
7 30
26 31
34 42
17 30
10 24
38 41
29 40
19 22
6 33
8 35
5 31
32 32
31 42
30 43
5 11
28 34
16 30
20 29
27 29
13 21
35 39
9 13
27 30
15 23
9 40
12 21
5 6
12 14
3 12
23 31
32 43
29 33
19 42
11 26
4 18
10 15
19 23
5 25
25 38
14 25
10 26
7 43
22 22
28 30
17 31
3 19
16 42
37 39
3 39
8 25
40 40
12 16
6 9
27 41
26 41
12 33
1 33
35 40
33 36
15 35
7 16
17 40
2 26
5 44
16 35
30 34
2 40
40 41
3 44
26 43
10 35
25 25
15 25
13 29
14 43
33 33
8 14
20 30
14 19
6 31
13 38
21 26
8 23
22 23
28 43
4 42
16 40
18 37
4 12
14 31
38 43
5 41
20 44
31 35
6 41
22 36
13 23
21 37
15 38
5 34
13 18
6 23
18 31
12 12
7 8
28 37
15 40
5 29
16 20
26 37
35 41
34 35
23 37
1 4
9 30
27 43
2 21
17 26
22 30
18 28
8 15
10 44
3 22
7 14
4 28
2 4
13 35
10 27
27 36
23 35
5 12
1 37
3 25
30 40
3 14
30 31
31 43
29 44
24 39
22 39
13 24
27 34
7 17
18 24
30 41
5 42
5 32
9 29
1 32
15 20
14 18
21 42
11 19
22 27
10 28
14 38
3 30
11 31
35 35
3 34
20 40
24 40
5 17
3 32
4 44
37 44
35 44
19 40
8 20
5 15
6 16
20 22
6 30
20 20
21 35
19 25
28 36
29 41
31 36
11 15
3 24
42 43
2 17
8 18
24 38
29 39
26 29
12 26
3 15
8 41
2 18
3 11
1 5
2 31
39 43
25 39
19 36
37 38
13 33
14 20
9 21
3 31
8 11
20 39
41 43
6 11
11 35
4 19
21 38
28 31
1 30
8 22
25 41
18 39
8 31
31 39
18 20
7 25
36 43
6 35
12 27
30 37
16 19
40 44
25 26
6 14
7 39
30 30
2 37
34 40
32 34
5 22
32 41
3 36
18 38
16 25
1 29
3 33
12 42
13 42
9 16
7 35
21 44
22 24
27 44
7 29
6 36
1 42
6 18
7 15
3 13
4 17
9 42
26 39
21 32
17 38
8 32
13 36
20 23
2 19
11 34
32 44
3 37
27 31
8 34
21 36
6 15
1 16
26 28
14 39
18 18
10 25
26 42
9 22
1 22
24 34
29 35
5 5
20 24
25 31
13 22
29 38
24 41
13 14
16 27
14 28
13 20
25 44
6 26
22 26
3 42
8 21
12 35
11 44
13 15
2 10
2 32
3 23
7 21
9 32
6 10
5 28
10 36
8 36
29 29
7 40
23 23
1 15
14 33
4 26
11 14
20 32
11 21
8 16
7 32
31 33
18 33
9 20
22 38
33 39
2 42
7 7
13 37
2 33
3 26
17 34
28 28
6 42
18 36
10 29
1 19
6 44
26 32
22 35
9 41
18 42
2 13
16 26
11 39
5 39
17 22
5 33
30 36
36 41
7 26
25 40
25 37
16 21
30 44
8 26
1 28
18 30
4 34
24 29
9 37
4 35
15 16
11 43
2 5
22 28
21 25
16 31
16 41
15 24
9 12
6 24
37 43
39 44
9 14
18 22
11 12
40 42
19 26
29 37
31 38
14 35
3 8
13 16
30 38
28 44
20 34
20 36
11 17
39 40
21 34
2 9
22 40
3 43
23 30
18 25
27 28
12 20
4 39
21 30
13 26
24 33
11 38
8 24
4 23
1 21
27 32
1 17
17 27
4 11
26 36
41 44
13 40
9 23
12 43
12 32
6 12
19 43
34 43
33 41
7 38
13 17
8 19
4 21
14 30
27 39
10 17
19 33
13 13
22 34
3 6
24 44
5 27
24 42
26 34
2 22
23 28
23 43
1 41
26 27
4 10
2 36
6 19
18 27
18 23
24 37
11 27
30 33
13 32
25 27
15 36
2 8
14 22
7 34
5 35
1 24
19 30
5 37
4 31
17 25
10 11
9 39
4 20
19 44
10 16
3 17
6 13
24 30
9 9
35 43
34 37
14 17
19 19
3 29
13 28
44 44
10 12
1 23
17 24
4 24
9 19
4 30
29 30
7 22
17 44
19 29
6 32
31 44
28 40
2 43
21 43
24 35
40 43
32 39
2 39
25 30
7 10
19 28
11 16
18 41
8 42
33 34
8 27
6 7
23 41
16 33
16 44
39 41
4 6
3 35
37 42
27 38
35 36
6 22
13 34
2 38
9 33
2 16
32 35
5 20
15 21
3 28
6 43
4 41
1 44
13 30
33 40
22 42
18 34
19 34
24 24
13 43
29 36
8 33
4 16
9 44
6 34
20 37
7 41
20 21
17 33
26 44
3 9
5 8
34 39
21 27
13 25
4 38
16 36
43 44
4 33
13 27
8 8
21 22
8 40
4 25
12 30
16 39
25 32
9 38
10 31
1 9
28 38
28 33
11 37
24 31
10 19
1 3
5 24
3 16
4 37
4 9
15 41
3 27
15 39
14 34
41 42
24 32
6 29
1 7
22 25
30 35
5 9
1 26
4 29
5 26
1 35
7 13
3 21
12 31
21 31
21 28
9 27
1 31
22 29
8 12
16 38
15 31
23 40
14 40
28 35
11 30
8 10
1 40
23 29
20 26
21 24
1 39
15 15
12 22
10 34
16 34
39 42
17 32
4 14
6 40
9 11
26 35
2 28
38 40
13 41
5 23
12 19
18 26
3 7
7 11
32 42
2 30
16 22
3 41
23 25
12 15
12 34
15 27
29 31
22 31
14 21
12 40
17 42
11 28
27 33
5 30
22 41
16 24
3 38
15 17
17 37
15 30
7 36
3 18
29 32
21 40
23 44
36 42
20 33
33 37
27 27
32 33
7 28
17 20
15 33
33 35
19 21
10 37
12 36
25 34
18 35
36 40
10 32
12 44
19 31
2 11
27 37
36 38
9 31
6 25
25 42
21 21
11 11
25 36
26 26
5 40
4 22
18 19
31 31
16 29
19 39
13 44
7 42
25 29
22 43
14 32
31 34
32 37
16 32
42 42
21 23
13 19
14 26
10 41
12 37
10 14
7 23
11 32
32 40
18 43
12 41
12 17
5 7
20 25
15 19
7 27
2 35
17 35
5 38
1 2
2 20
10 23
43 43
8 9
20 42
27 35
10 13
1 12
8 29
9 25
25 33
7 19
19 41
37 41
16 43
1 11
8 38
14 42
2 29
20 28
8 37
11 22
14 41
5 13
6 6
5 21
35 37
2 12
7 31
14 29
42 44
6 28
25 28
28 29
18 32
5 36
5 18
23 32
1 20
4 13
36 39
6 8
14 16
19 35
15 29
7 20
5 16
24 43
17 36
4 36
31 40
21 33
34 36
17 28
20 35
36 37
11 41
11 42
5 19
9 24
15 22
1 38
2 7
11 24
10 20
7 44
15 37
10 40
36 36
32 36
17 29
13 39
23 39
9 26
30 42
31 41
9 28
14 14
2 23
11 25
11 13
12 13
6 27
10 18
37 37
6 21
1 14
14 23
27 42
24 25
23 36
22 44
38 42
12 18
15 44
9 35
6 17
28 32
19 24
24 26
21 39
16 18
38 44
18 29
19 32
19 38
38 39
15 34
11 23
26 33
36 44
1 10
16 16
4 5
10 39
