wwwwowwoowwwwwwwowowowwowwwwwwwwwwwwwwwwwwwwowwoowwwwwwwwowwowwwwwowwowwowwwowwwwwowowwwwwwwowwwwwww
1000
53 92
79 96
24 28
36 39
52 98
69 82
65 70
81 90
40 41
30 97
23 78
79 95
83 84
10 73
6 76
99 100
86 96
48 48
98 98
52 61
61 84
23 24
10 53
22 44
69 87
54 99
7 9
41 81
6 11
68 87
2 6
44 67
66 72
81 87
56 76
4 6
89 92
97 100
8 53
20 33
62 100
9 73
96 96
68 88
97 99
75 80
33 63
92 92
11 88
96 98
78 90
43 47
1 92
49 53
10 79
12 13
39 67
10 94
79 87
41 61
20 21
32 84
85 93
33 37
56 62
17 85
71 93
40 56
1 6
36 93
22 73
14 100
37 43
4 46
47 77
1 3
6 37
38 74
63 99
10 41
40 66
2 10
99 99
34 62
33 34
64 93
47 49
32 80
2 73
13 42
97 100
42 80
84 94
4 32
99 99
41 92
60 61
56 56
18 21
92 94
2 90
83 99
84 89
52 88
90 98
84 88
89 92
14 17
78 98
39 43
84 89
80 84
21 47
94 95
14 51
100 100
22 34
18 64
80 80
50 89
94 99
34 61
73 92
38 64
37 41
33 35
84 85
35 71
10 35
86 89
44 81
30 36
28 56
64 97
52 55
8 12
40 45
57 81
49 68
46 97
38 51
30 30
2 5
87 99
33 62
27 32
89 94
10 33
7 36
64 98
47 83
13 18
85 85
57 91
62 68
66 68
54 55
32 36
68 88
74 92
19 81
43 46
22 74
28 53
91 95
61 75
25 67
88 88
37 59
13 13
69 90
67 79
44 69
11 38
30 56
74 77
95 95
67 91
94 95
9 32
27 69
95 100
22 61
57 87
83 95
75 84
25 64
15 28
53 92
19 80
51 74
4 66
40 74
13 27
99 99
43 77
1 4
48 76
93 100
75 76
14 19
27 89
58 76
52 59
7 81
71 92
73 90
58 64
7 81
61 64
73 76
29 93
38 75
44 47
13 17
2 51
65 66
47 48
67 95
15 60
52 73
14 77
35 94
88 91
34 43
54 67
47 69
20 20
2 17
4 91
37 94
34 37
45 47
74 85
43 46
54 58
98 98
63 79
46 81
63 70
83 94
94 96
74 75
64 65
95 97
98 99
99 99
16 17
91 97
73 99
76 78
12 41
39 80
11 16
39 40
60 90
2 64
86 89
46 53
86 88
38 85
93 100
17 63
18 22
82 82
94 95
80 80
87 97
66 85
75 81
86 89
95 98
96 100
21 94
69 76
62 63
93 97
63 84
50 82
97 100
24 28
21 36
21 91
14 15
14 72
87 91
12 13
77 80
56 66
61 94
89 92
68 99
27 87
19 56
73 92
99 99
60 61
24 28
5 94
55 62
51 84
86 86
6 43
84 97
7 96
64 68
76 80
21 46
85 86
46 48
51 80
26 74
51 53
50 59
84 84
98 98
90 94
77 86
6 36
73 81
13 27
63 65
48 76
53 55
99 100
7 44
25 63
67 94
29 100
85 96
13 23
84 87
44 49
49 83
5 6
84 96
36 75
52 55
76 91
78 97
55 77
60 60
62 97
95 98
40 77
83 98
38 40
60 63
36 72
47 75
39 42
68 79
100 100
63 78
84 99
12 43
56 98
53 77
75 88
23 90
53 57
37 79
56 96
17 53
30 30
67 95
37 38
99 99
93 96
57 78
72 85
29 39
87 87
70 71
67 83
60 77
4 52
48 84
67 67
40 65
17 100
4 4
37 99
6 97
62 64
10 48
41 81
70 70
84 91
22 79
43 94
36 40
97 100
17 88
64 69
12 35
72 75
66 69
17 17
4 5
23 23
42 79
89 96
91 94
15 44
29 44
7 34
18 23
65 81
23 99
79 84
63 68
58 63
87 88
7 18
35 100
89 100
97 97
7 12
82 85
10 32
71 80
98 98
79 87
34 75
68 99
80 87
20 74
77 77
46 72
60 74
80 90
52 63
99 100
81 95
62 65
71 88
14 17
20 24
53 63
79 82
67 84
24 70
87 96
87 90
5 7
55 82
40 89
89 91
18 98
51 80
20 65
59 65
93 95
24 27
71 75
39 45
56 97
20 24
23 26
88 88
11 41
3 31
28 76
49 52
21 24
25 76
66 96
95 98
7 55
13 44
25 64
75 87
20 28
16 56
78 98
8 38
20 21
89 95
24 51
57 68
54 70
79 94
4 97
26 26
23 33
9 13
19 42
56 59
39 39
67 77
93 100
60 97
54 85
52 55
66 85
52 79
6 8
13 64
59 100
35 70
84 91
5 21
93 99
35 80
24 88
24 25
92 97
60 74
91 97
49 57
43 73
83 97
64 69
34 59
83 87
52 56
82 84
55 97
82 87
69 81
21 42
40 47
92 98
3 44
69 99
2 7
15 77
46 48
21 70
46 71
39 98
95 97
20 79
49 56
67 83
92 98
56 75
29 50
52 68
59 73
91 91
30 75
48 69
21 80
40 55
44 47
10 11
44 90
14 14
70 91
52 55
11 43
41 95
4 6
94 94
24 74
22 35
1 5
36 54
8 8
78 97
32 62
41 44
94 95
79 94
85 85
7 73
44 46
27 99
36 92
34 76
1 25
62 71
12 99
16 63
14 37
15 20
87 90
37 66
80 80
9 30
86 99
17 59
63 67
26 31
50 75
21 58
21 61
56 79
52 86
59 81
35 70
54 90
21 73
89 99
28 29
19 78
76 76
63 80
18 20
36 44
49 71
17 26
94 94
7 97
69 99
22 22
33 57
8 98
6 22
94 97
57 93
65 65
94 99
8 10
22 26
29 95
44 50
66 68
6 91
25 73
60 78
58 64
24 53
14 69
22 26
12 23
12 34
45 58
43 55
72 89
99 100
64 65
22 24
35 76
43 83
43 83
73 74
34 72
9 97
11 93
49 49
31 88
74 87
97 100
92 97
3 71
1 100
41 85
42 71
58 60
84 84
39 63
80 95
47 94
53 78
95 98
54 99
9 92
27 75
59 93
2 7
34 36
50 86
90 91
15 18
6 14
33 94
4 99
29 49
64 99
5 43
74 76
13 94
49 51
62 85
10 30
58 70
62 99
74 84
18 35
59 74
82 97
66 76
18 27
15 15
70 87
75 100
99 100
90 90
1 66
78 78
8 49
75 98
35 43
91 92
94 95
68 75
70 83
85 93
86 88
15 67
95 100
9 36
89 90
38 62
61 99
30 83
100 100
68 73
10 67
43 59
97 100
42 42
98 99
87 94
71 89
61 90
70 100
88 89
91 100
42 65
84 89
40 45
15 31
55 70
91 93
72 72
87 89
96 99
81 88
96 98
74 85
88 89
100 100
98 98
64 87
96 97
78 84
24 25
88 98
37 42
61 83
63 90
31 92
25 69
33 59
93 96
25 41
93 98
90 97
58 90
78 80
58 60
23 24
2 60
14 18
59 64
19 81
39 43
46 92
77 88
20 25
80 84
85 87
52 67
79 92
45 72
67 84
27 59
3 49
1 100
48 89
79 93
26 90
76 97
44 93
95 97
4 47
99 99
8 31
97 100
80 90
69 71
26 59
45 95
90 98
64 65
60 63
45 46
35 100
15 20
10 91
91 100
48 83
43 54
3 6
16 97
64 83
69 73
5 7
63 96
19 100
34 41
22 66
52 97
9 100
63 71
53 56
27 46
17 18
63 67
83 92
1 62
40 64
13 89
25 56
24 72
49 55
56 58
28 32
15 62
57 64
19 24
86 86
87 87
71 72
29 52
40 43
98 100
17 67
11 72
21 97
23 70
12 47
55 82
100 100
84 93
33 77
94 98
97 97
72 72
88 91
44 46
50 53
56 84
73 87
67 95
11 20
1 100
51 93
39 67
33 80
23 31
43 86
97 98
43 94
93 96
80 100
59 95
12 88
31 78
85 91
16 28
97 97
78 92
7 79
87 88
16 58
58 70
29 42
31 76
33 92
86 87
25 30
43 88
57 61
25 80
87 92
18 48
44 67
6 21
80 94
67 67
51 96
63 91
81 90
5 7
19 21
40 67
77 89
44 47
82 90
84 86
18 22
26 97
33 57
38 40
91 91
93 97
95 97
10 11
25 33
69 95
97 97
23 92
22 74
20 83
35 71
21 21
53 54
16 70
99 99
85 97
26 56
3 19
52 98
61 67
45 48
81 99
58 59
39 83
98 100
48 90
14 91
25 81
19 34
81 85
96 99
6 6
23 42
43 83
68 79
66 71
39 42
31 54
80 81
46 85
57 82
18 23
5 48
83 90
56 90
17 17
84 99
7 38
20 92
82 95
61 66
49 55
51 53
78 95
53 60
59 100
100 100
37 70
11 28
22 83
68 94
17 46
98 98
26 41
72 96
12 13
1 29
46 46
70 71
60 99
43 88
83 87
51 51
33 36
53 100
68 71
51 56
70 71
20 22
49 83
15 15
21 23
15 29
51 73
79 90
83 97
92 98
60 76
59 93
29 99
82 87
44 44
45 51
33 69
86 99
43 73
21 55
56 89
20 20
26 28
82 88
