ccccaaaaaaaaaaaabbbbaaaacccccccccbacaaaabbbbcbaccbacccccwhatcccccbacccccaaaabbbbabbabbbbcbacabbawhat
1000
91 92
38 40
84 86
37 39
84 84
98 100
33 33
37 40
52 53
13 13
58 61
84 87
25 26
76 79
89 89
2 5
63 66
79 80
42 43
53 55
52 52
57 59
18 19
38 39
55 58
65 66
63 64
41 41
50 52
47 49
6 7
46 48
84 85
90 92
92 93
46 49
9 11
30 30
64 64
88 91
89 89
79 81
75 78
21 21
56 56
67 67
77 80
71 74
2 2
63 63
98 100
39 41
3 6
98 100
94 96
52 55
5 5
12 14
25 25
100 100
44 47
88 89
40 42
15 18
22 23
9 10
31 31
77 79
63 63
24 25
51 53
92 95
6 9
21 24
22 22
93 94
95 98
15 15
61 61
5 8
28 28
38 39
64 66
91 94
53 55
19 21
38 39
87 87
43 44
96 97
39 41
50 53
74 77
12 13
68 69
94 94
60 61
15 17
17 20
50 50
68 70
65 68
38 39
24 26
15 16
56 59
77 80
55 58
86 86
16 18
14 15
9 9
35 36
81 81
24 24
43 46
13 16
21 23
83 85
71 74
12 15
36 39
61 62
47 48
76 78
48 50
11 14
80 83
97 100
18 20
60 63
4 4
69 72
32 34
84 85
88 89
69 72
2 2
9 11
69 69
47 49
72 73
99 100
2 4
63 65
6 9
31 32
72 72
53 53
25 28
28 31
28 29
23 24
68 70
61 61
26 28
46 49
22 22
100 100
78 81
42 45
52 55
85 85
41 43
24 24
96 97
77 77
70 71
84 86
21 22
9 12
31 33
57 59
87 90
4 4
85 88
5 5
7 9
41 43
3 5
46 47
91 91
71 72
67 70
70 71
64 65
2 5
67 68
31 34
13 13
42 44
17 17
38 38
3 5
24 27
14 15
50 51
27 27
3 5
88 91
29 30
5 8
26 26
50 50
57 59
13 16
46 48
76 77
73 76
24 26
20 23
28 31
88 88
81 81
14 16
5 5
1 1
93 95
25 27
86 88
73 73
73 74
22 24
61 61
86 86
85 88
5 8
23 23
92 92
87 87
62 65
11 11
28 31
8 10
20 22
59 62
35 35
67 69
92 95
73 75
61 63
25 28
7 9
21 21
9 11
10 13
10 12
1 3
98 99
41 42
22 23
40 41
12 15
7 8
100 100
6 6
96 97
58 58
49 51
41 43
74 74
95 98
67 67
9 9
10 10
2 3
58 59
64 66
70 71
55 58
93 96
31 32
9 10
35 36
6 8
76 76
47 50
59 61
95 96
66 69
70 70
100 100
75 77
41 43
41 44
20 21
87 88
87 87
41 42
70 72
38 41
88 90
91 91
14 14
20 20
42 42
45 46
49 51
36 37
56 58
24 24
15 17
2 5
19 19
93 95
21 22
32 35
33 36
62 65
93 96
98 100
86 88
84 86
16 19
55 58
41 41
81 83
68 68
8 9
55 58
93 96
36 38
83 83
85 87
100 100
59 60
73 74
100 100
46 48
100 100
6 6
76 79
84 87
46 46
75 75
83 85
51 53
56 59
94 95
61 61
26 27
60 60
2 5
96 96
75 75
19 22
36 39
39 41
41 43
95 95
28 28
40 43
34 34
45 48
78 80
13 15
55 58
53 54
4 5
59 62
26 27
36 37
48 51
60 60
36 36
4 5
88 91
81 81
89 92
12 12
56 56
48 49
75 75
53 55
94 97
64 67
70 71
52 52
100 100
26 27
13 16
75 76
49 49
50 51
91 94
18 19
8 10
59 59
57 58
63 63
76 79
65 68
78 80
3 4
13 15
92 94
99 99
76 77
54 57
20 21
97 99
56 57
15 15
95 96
91 93
93 93
10 11
81 82
88 89
40 43
19 21
39 40
84 85
5 5
10 12
51 51
7 10
19 22
40 43
6 8
67 68
79 82
81 83
44 46
85 86
65 65
90 91
74 77
38 39
69 70
62 63
78 78
4 7
5 7
48 48
22 22
98 99
61 62
63 66
38 41
68 71
17 19
84 87
1 1
45 47
44 45
57 57
83 84
16 19
39 39
40 40
62 64
32 34
27 29
72 73
76 77
36 39
49 52
35 38
63 63
12 12
97 98
50 50
54 54
17 19
40 42
46 47
18 18
27 27
18 19
64 67
85 86
54 57
1 4
74 75
31 32
97 97
42 43
37 37
89 90
11 13
72 74
53 55
44 47
98 100
64 64
49 50
26 29
87 90
78 78
36 36
19 19
85 85
40 41
99 100
81 82
52 53
69 71
82 83
38 40
22 24
53 56
12 15
12 14
13 14
23 26
52 53
43 44
21 23
84 87
62 65
38 38
86 88
41 44
10 10
49 49
83 85
51 53
96 96
90 93
34 36
36 36
37 37
2 4
47 50
11 13
41 42
16 17
100 100
2 3
18 19
14 15
99 99
11 13
90 93
92 93
31 33
9 12
15 17
25 26
43 45
30 31
86 89
26 27
74 76
37 38
63 66
44 45
33 34
42 45
15 15
25 25
1 1
3 5
38 40
93 96
19 21
52 52
100 100
1 2
63 65
34 37
96 99
34 37
67 70
52 54
29 29
32 33
83 85
13 15
88 91
8 11
16 18
30 32
76 77
34 35
61 63
6 7
60 62
42 43
87 88
68 68
26 26
6 6
50 53
89 90
79 82
72 74
1 1
34 37
8 8
51 52
87 90
22 22
9 10
50 52
78 78
3 3
89 90
95 96
40 40
98 99
43 43
8 9
18 20
32 35
83 84
9 9
5 7
90 90
10 10
93 96
66 68
31 34
79 82
53 56
43 45
36 38
96 99
59 62
67 67
86 87
67 67
56 56
15 15
4 4
96 96
94 96
97 97
52 54
27 30
6 9
52 55
21 23
97 98
72 75
48 49
74 77
79 79
95 97
88 91
23 24
44 44
61 61
27 30
76 79
66 68
78 81
3 5
74 75
45 45
62 62
92 93
98 100
11 11
55 57
66 69
80 81
27 28
86 87
55 56
45 45
91 93
24 25
90 93
26 27
18 21
37 38
3 3
4 6
1 4
92 93
40 41
93 94
34 35
42 42
63 65
23 25
62 64
27 28
58 61
10 12
2 2
14 17
34 37
66 66
85 85
85 88
58 59
93 95
61 63
70 71
37 40
47 48
14 15
29 32
72 72
28 30
89 90
30 32
32 32
55 55
45 48
91 92
7 7
43 46
8 10
67 68
16 16
86 88
95 97
44 44
85 86
62 63
79 81
40 40
29 29
87 90
71 71
30 32
33 35
94 95
16 18
67 69
26 28
53 55
17 19
31 34
21 22
14 14
16 16
16 16
58 58
70 70
14 17
27 29
29 30
89 90
48 50
59 62
16 17
51 54
79 82
29 31
10 11
98 98
46 49
11 11
28 31
51 51
85 87
5 6
61 64
54 54
1 1
51 52
66 67
43 43
40 43
67 68
96 98
17 18
16 19
8 8
65 68
99 100
92 93
2 5
64 66
15 16
57 60
31 32
66 69
71 71
79 79
75 75
28 30
54 56
63 64
4 5
51 52
42 45
22 25
82 83
43 46
28 30
50 50
19 22
21 21
94 95
59 60
84 87
37 40
79 79
65 68
20 22
90 92
15 15
73 76
56 56
30 30
85 87
54 57
60 63
45 48
87 89
8 10
95 98
41 42
100 100
76 78
7 7
77 79
86 89
41 44
25 28
21 23
1 3
93 94
82 85
61 63
43 45
83 83
30 33
36 39
10 12
26 26
78 80
18 18
90 90
70 73
35 38
40 41
30 33
73 73
50 51
58 60
77 80
55 56
25 28
39 42
100 100
37 40
62 62
79 82
14 16
15 16
74 76
9 12
45 46
46 46
75 77
94 95
77 78
94 94
58 59
3 4
28 30
55 56
96 98
71 73
74 77
81 84
70 70
53 54
19 20
30 33
16 18
44 47
88 88
39 39
76 77
69 71
74 74
65 65
41 41
35 36
22 24
53 53
88 89
3 3
17 17
34 34
29 31
36 37
7 10
98 98
6 7
63 66
90 91
28 29
89 89
59 61
82 82
13 15
78 79
47 49
19 22
31 34
70 73
63 65
17 19
78 79
65 66
22 25
97 97
6 7
77 78
64 64
99 100
85 85
89 91
76 79
11 11
94 97
61 64
100 100
17 17
54 57
28 28
99 99
100 100
4 6
35 38
89 89
54 56
62 62
33 34
67 69
79 80
71 71
2 3
89 91
93 94
28 28
20 21
31 31
34 36
14 15
42 44
49 50
94 97
80 80
45 48
83 86
78 81
80 82
15 15
28 30
31 31
72 73
8 11
29 32
96 98
86 89
82 84
90 93
43 46
26 29
69 72
45 45
95 96
85 85
6 9
12 15
56 58
2 3
69 71
72 75
87 88
35 37
11 12
81 84
54 55
35 35
46 48
18 21
42 43
4 4
35 36
1 3
17 18
11 14
45 45
86 86
7 7
100 100
77 78
47 47
88 90
59 62
72 74
22 25
65 67
98 99
97 98
96 97
45 46
69 69
44 45
