oooooqooooqoqoooooooqoooqoooooooqoqoqoooqoqo
990
36 39
35 39
17 22
22 30
25 32
5 14
24 38
8 33
15 28
22 39
12 37
7 34
4 36
12 28
10 44
40 42
27 37
19 29
12 31
13 35
11 41
19 44
2 24
1 41
6 7
16 24
4 19
2 14
9 24
11 43
34 39
15 37
1 3
6 15
34 43
24 33
1 16
23 23
31 33
31 43
20 38
11 28
9 35
13 37
9 23
25 30
18 31
16 37
2 13
9 28
8 21
18 37
34 41
22 43
16 35
7 30
5 26
23 41
8 23
6 18
3 11
10 34
4 22
2 44
3 6
1 32
25 31
27 33
1 1
38 43
11 27
15 36
33 44
1 31
6 32
2 34
8 34
30 35
4 18
15 42
17 21
3 28
35 44
27 32
25 38
13 40
5 28
17 39
20 37
9 39
5 44
5 42
21 26
5 33
18 25
8 25
38 42
1 13
24 28
9 9
7 42
38 44
16 23
4 23
27 38
25 25
18 39
17 36
1 7
14 33
30 34
24 26
3 30
11 16
33 43
24 24
6 27
5 34
13 31
3 43
11 21
1 30
22 37
5 40
19 37
13 16
28 34
29 43
9 29
22 24
24 27
8 40
10 42
12 13
23 39
6 8
7 12
7 18
2 36
9 21
2 28
41 41
6 16
3 12
24 34
1 27
21 32
18 19
13 20
23 37
4 28
26 34
15 21
3 31
12 16
21 33
4 11
34 42
11 18
15 30
11 24
2 25
2 35
10 14
22 32
8 36
16 44
33 41
16 22
32 43
2 10
10 25
4 15
1 2
10 10
13 34
31 38
17 30
1 34
22 38
20 25
12 25
4 14
5 20
30 41
20 26
1 22
1 10
29 42
19 23
34 40
28 35
3 18
4 37
8 9
6 29
3 19
11 34
8 27
3 35
23 40
12 36
6 14
9 40
21 24
13 22
26 38
7 20
7 10
36 43
15 32
8 42
26 33
14 18
14 15
26 41
9 14
6 37
5 25
6 9
2 41
12 21
36 38
7 24
27 42
24 32
2 19
15 23
10 22
9 11
19 22
15 31
5 38
34 37
7 21
12 32
12 35
18 43
19 30
23 38
32 36
22 28
4 34
19 40
11 31
20 42
5 15
20 44
21 39
31 44
5 31
9 13
32 33
17 44
34 38
6 41
9 19
10 33
12 33
9 32
1 11
14 37
5 36
22 36
26 31
12 17
11 30
24 41
17 33
19 24
18 18
13 18
13 26
24 37
35 38
3 16
38 40
26 40
4 29
6 39
31 39
31 42
28 31
3 33
4 44
10 20
29 32
13 41
21 22
10 38
10 18
13 44
21 34
37 40
3 21
32 39
14 39
2 12
18 42
13 14
30 44
27 34
11 22
23 29
38 39
20 43
6 17
23 32
11 20
15 22
26 30
9 18
29 35
12 38
14 19
7 33
27 44
35 37
26 36
20 20
33 38
26 26
9 10
31 37
39 40
23 26
17 34
13 33
29 37
14 31
2 37
16 32
37 37
14 38
28 43
21 37
7 16
16 40
11 29
17 29
10 39
17 20
19 26
21 35
12 18
27 39
9 42
7 11
10 35
39 44
7 28
3 27
19 41
9 41
8 44
25 41
3 9
27 28
14 20
3 10
20 23
11 37
6 25
25 36
1 33
4 9
23 33
1 38
22 40
8 31
4 40
36 40
12 39
2 9
12 19
15 41
16 17
19 20
24 36
1 37
33 34
34 34
4 38
6 33
15 24
16 39
17 18
14 40
6 11
26 37
21 41
3 3
14 44
38 41
4 24
7 31
18 38
23 25
22 26
28 39
9 27
31 35
17 41
26 35
30 30
25 39
20 30
22 22
28 30
21 25
7 38
2 18
26 43
13 24
29 31
2 38
18 26
19 36
29 40
42 43
14 17
13 30
32 40
23 35
2 33
18 21
6 31
11 33
12 44
10 11
10 32
2 4
9 31
15 26
8 35
14 42
21 31
22 27
19 42
9 22
20 22
10 37
28 40
5 24
10 17
44 44
25 35
32 35
21 27
18 27
36 41
5 6
20 35
17 28
2 7
1 24
8 26
14 25
39 39
23 36
8 18
3 17
24 43
4 27
1 12
4 5
6 30
19 33
19 21
22 41
15 18
3 23
37 43
1 23
5 35
11 39
25 44
27 30
21 40
14 29
37 41
18 23
11 32
23 27
21 30
22 35
27 27
6 36
40 40
3 29
25 42
12 14
13 42
8 22
8 14
6 12
3 15
3 22
7 17
14 34
6 44
8 30
25 34
6 42
8 37
13 29
14 24
29 39
35 42
3 25
8 11
2 32
14 41
15 33
10 13
10 30
35 43
19 38
8 41
6 23
10 16
14 22
16 18
35 35
2 3
1 5
19 39
30 32
15 35
28 28
16 21
19 32
3 38
29 34
22 44
25 33
3 44
27 41
12 34
2 39
43 43
1 8
34 36
42 42
26 29
2 23
15 38
8 20
30 37
14 36
23 34
7 29
15 40
10 19
8 39
24 44
42 44
17 25
10 12
37 39
33 37
7 15
16 29
15 25
33 40
24 31
14 16
3 8
33 42
37 42
25 28
1 20
23 30
7 13
17 31
13 25
18 20
14 35
5 12
28 42
18 41
4 16
35 41
18 22
1 18
5 16
11 42
22 42
2 22
13 19
2 2
35 36
16 42
11 40
7 40
17 23
24 30
3 14
7 23
4 6
9 37
10 21
11 15
10 28
6 43
1 4
8 17
6 13
7 41
32 32
16 16
4 8
9 20
13 28
20 39
13 32
28 33
11 17
17 43
10 23
1 35
21 28
20 41
9 17
30 31
3 24
23 31
18 28
4 4
1 36
5 18
11 19
32 37
11 36
20 29
12 27
2 43
13 38
37 38
41 44
5 5
5 41
16 33
5 30
9 36
20 36
8 8
21 36
32 34
20 34
24 42
31 32
6 38
11 25
32 38
32 41
13 43
3 7
5 11
6 34
6 40
19 43
6 20
13 15
14 28
28 32
16 36
18 40
3 41
35 40
7 14
18 30
13 36
14 43
22 33
10 27
20 40
12 23
26 42
8 28
4 42
5 27
2 42
17 40
28 44
29 41
17 38
34 44
23 43
28 38
16 31
26 28
4 26
40 43
12 20
18 44
15 16
17 37
6 21
15 43
20 31
14 21
12 12
8 13
4 41
29 30
3 42
34 35
7 9
24 25
5 13
19 25
3 34
3 37
18 32
9 38
18 36
16 28
5 19
16 19
22 25
6 6
15 19
5 39
16 34
12 42
8 16
5 22
19 34
16 43
7 43
31 36
2 16
28 37
22 29
4 30
1 43
31 34
7 35
41 43
1 42
1 25
25 26
4 25
25 27
11 35
19 27
16 20
21 44
16 38
8 43
3 26
26 27
23 28
2 5
12 30
21 29
1 6
36 37
17 35
4 43
11 23
7 36
32 44
28 29
5 37
4 39
7 37
13 13
7 32
40 41
24 35
11 38
19 31
11 13
1 39
1 28
16 41
9 15
8 32
5 43
29 38
14 32
6 28
20 32
2 6
3 32
10 24
1 29
31 40
7 25
27 43
10 36
11 11
15 44
7 22
30 43
6 35
25 29
7 27
2 21
16 25
4 33
31 31
1 40
3 36
30 33
4 10
17 42
4 12
4 32
22 31
31 41
5 17
29 44
12 15
2 31
17 17
8 12
13 17
1 14
15 17
7 19
18 24
9 25
3 20
7 26
6 19
21 38
32 42
5 32
2 20
9 26
16 30
24 40
15 20
1 17
9 33
1 26
13 27
1 9
41 42
19 28
11 26
5 9
28 41
9 34
4 13
15 29
21 21
4 31
7 39
3 4
7 8
8 29
12 24
8 38
26 39
24 39
27 36
36 36
9 12
12 41
29 36
9 43
23 24
22 34
4 21
13 23
25 37
17 32
28 36
37 44
30 42
10 43
14 30
40 44
30 38
11 14
43 44
17 27
3 39
1 15
33 33
10 40
15 15
29 29
16 26
39 42
36 42
12 22
18 35
26 32
8 19
27 29
8 24
20 21
12 29
20 24
14 26
2 29
18 29
17 19
2 27
7 7
38 38
21 23
17 26
6 22
10 41
4 7
10 29
9 44
2 26
5 29
20 27
14 14
10 15
3 40
5 7
33 36
4 20
39 41
16 27
10 26
5 23
21 42
5 8
21 43
4 35
14 23
25 43
12 40
19 35
12 43
14 27
13 21
8 15
4 17
19 19
11 44
6 26
33 35
13 39
18 34
30 39
22 23
39 43
3 5
25 40
6 24
27 31
33 39
15 34
23 44
5 21
2 8
36 44
5 10
27 40
1 21
29 33
2 15
9 30
20 28
12 26
1 19
6 10
9 16
3 13
2 40
23 42
24 29
2 11
10 31
7 44
1 44
2 30
30 36
18 33
15 39
15 27
2 17
30 40
26 44
17 24
20 33
27 35
8 10
11 12
