xxxxxxxxxxxxxxxxxxxxxxxxxxxxxxxxxxxxxxxxxxxxxxxxxxxxxxxxxxxxxxxxxxxxxxxxxxxxxxxxxxxxxxxxxxxxxxxxxxxx
1000
78 78
13 17
12 14
98 99
32 44
62 86
58 75
47 74
93 96
81 83
79 92
1 38
71 76
93 95
37 38
10 14
86 96
20 88
81 85
17 38
71 100
97 99
44 71
37 75
45 70
6 58
31 82
87 91
17 92
41 43
31 51
70 96
73 83
13 14
1 45
84 92
3 38
13 50
62 65
7 79
85 88
75 77
12 80
40 89
56 98
69 89
43 44
36 80
45 50
34 59
41 91
9 64
60 64
26 26
13 57
86 95
57 94
53 57
99 99
10 98
66 79
29 43
79 99
50 93
74 95
52 55
47 79
46 47
12 13
6 8
17 52
82 86
29 32
24 72
88 90
6 17
91 92
59 70
96 98
48 79
50 67
32 67
8 51
30 81
94 98
5 32
85 93
86 87
9 57
88 97
40 88
19 88
49 77
1 100
23 52
42 46
54 59
2 3
93 93
76 80
48 53
89 100
53 55
44 52
29 88
77 92
55 67
30 38
38 93
12 58
74 83
97 97
75 79
87 91
12 17
16 57
26 48
52 70
60 68
79 81
25 31
8 48
23 71
44 44
60 94
83 86
76 85
31 35
98 99
49 80
25 87
68 88
68 88
37 73
8 24
24 33
20 21
42 80
79 89
16 66
18 65
15 93
56 87
5 88
71 98
43 65
1 100
22 45
47 95
89 91
44 64
96 97
90 94
76 77
9 77
57 61
1 6
85 100
8 44
41 54
18 62
44 52
45 53
68 70
31 65
33 35
18 26
87 96
62 86
60 86
55 84
2 77
49 53
44 62
100 100
32 50
96 98
61 82
29 60
42 72
53 73
52 52
14 46
8 40
38 38
52 89
88 93
27 36
37 96
26 95
41 99
3 81
38 41
46 51
49 53
69 69
57 85
49 92
95 99
84 87
85 85
18 49
36 43
96 99
60 89
53 73
5 26
43 72
53 63
44 89
66 88
16 91
14 31
30 74
61 62
75 97
7 85
13 68
95 96
56 87
93 98
86 98
29 66
57 83
43 99
59 61
16 49
92 94
51 69
92 95
23 27
91 93
77 78
11 15
3 5
65 92
67 91
50 60
89 97
47 75
91 91
60 65
63 67
38 97
32 95
31 75
6 11
9 10
19 90
85 100
79 82
25 60
15 50
12 16
71 79
46 51
50 58
41 41
58 59
45 59
89 94
43 88
45 47
72 82
53 90
33 48
49 79
17 48
12 17
67 71
57 84
77 97
55 59
29 58
77 84
56 71
76 96
23 26
27 91
29 82
79 82
65 100
68 93
77 95
43 89
33 34
9 14
55 60
86 89
41 86
90 97
100 100
12 91
65 76
53 56
98 98
62 65
66 79
34 46
24 83
3 4
27 31
95 95
81 94
77 99
99 99
93 95
16 58
14 33
45 56
32 61
60 100
92 92
86 87
63 68
1 63
97 98
99 100
88 95
48 52
57 72
94 97
99 99
13 16
68 72
49 79
52 56
99 99
15 72
57 62
65 68
98 99
72 86
50 88
84 85
25 87
5 8
58 86
86 90
34 95
3 13
62 95
9 11
20 23
26 28
53 58
30 93
77 90
99 99
43 45
24 35
18 87
17 52
62 63
78 86
27 43
15 15
29 89
55 66
13 73
14 18
10 48
49 51
2 28
71 82
56 61
41 45
49 70
25 98
80 88
56 75
7 12
14 17
35 75
6 51
57 82
56 76
82 94
8 98
14 14
2 4
86 94
56 88
11 58
78 83
72 89
17 21
19 66
85 91
6 78
35 72
52 58
40 86
28 50
12 14
46 47
23 28
27 52
42 95
27 30
8 58
10 39
79 87
100 100
1 14
50 59
74 75
63 96
85 90
67 90
99 100
83 91
20 43
38 43
35 39
36 39
35 40
47 98
65 99
82 82
43 63
43 86
40 63
29 98
90 99
98 100
44 67
31 32
87 87
18 19
90 90
84 94
28 61
98 99
34 88
83 95
100 100
22 22
36 87
11 12
21 80
48 85
8 63
90 91
44 79
70 91
74 74
40 42
85 85
64 93
83 92
30 66
19 21
9 30
61 84
79 89
25 81
62 64
69 85
58 75
6 7
86 91
73 95
9 72
79 90
10 11
55 71
59 78
30 78
54 57
71 99
6 48
98 100
47 48
68 80
9 40
3 37
100 100
87 98
78 84
75 78
90 93
97 99
66 69
10 60
17 36
50 97
54 67
10 13
89 89
84 99
2 3
75 82
91 91
21 98
6 43
41 41
85 87
21 30
86 88
71 80
76 81
39 73
98 99
15 45
98 99
96 100
85 93
27 54
30 91
34 42
50 58
91 92
7 11
91 99
70 93
100 100
48 96
51 55
66 70
17 69
27 98
89 99
50 55
95 98
78 99
52 55
75 88
94 94
11 35
78 88
61 80
77 79
63 64
70 93
46 67
51 93
72 75
33 90
66 99
53 55
97 100
1 100
32 70
76 78
45 68
22 28
66 98
57 62
2 86
56 59
73 83
84 96
38 40
53 58
64 69
38 96
85 87
40 57
47 53
68 69
83 99
42 79
12 15
7 26
34 36
78 83
49 84
4 42
66 67
76 79
79 80
34 61
87 100
70 75
77 81
37 56
61 69
95 100
62 98
58 80
27 65
65 66
63 71
82 88
32 34
68 80
7 48
65 78
34 65
66 90
96 100
82 97
29 90
85 96
21 80
2 21
98 99
23 38
63 85
51 92
9 38
47 88
90 92
52 54
71 76
39 74
22 59
55 60
79 80
60 96
55 57
81 86
24 61
39 89
34 95
94 98
21 82
28 40
51 82
95 95
54 82
25 34
32 88
13 15
90 99
22 26
81 94
19 88
46 62
13 55
26 81
93 94
97 99
74 90
47 49
28 31
99 100
40 67
67 88
39 46
88 94
46 58
63 80
54 68
79 83
58 92
31 46
94 97
2 71
100 100
72 76
33 51
80 86
24 67
15 28
98 100
59 75
27 60
26 51
19 23
26 84
94 97
18 21
31 33
73 91
99 100
65 80
37 42
75 78
65 97
25 82
1 20
70 78
59 91
98 98
39 52
2 41
25 67
32 37
20 24
81 93
41 70
38 92
22 27
10 62
7 39
2 26
19 37
96 98
53 98
98 99
82 90
96 100
46 98
81 88
41 67
64 67
94 100
95 95
50 96
33 41
85 86
3 34
56 65
44 87
90 95
89 89
35 89
37 97
8 40
75 81
56 60
27 51
65 67
53 53
97 98
74 85
50 51
86 94
4 15
28 98
7 9
72 76
35 43
65 68
9 29
40 95
17 18
77 97
51 94
65 85
66 66
94 97
96 100
35 39
68 70
49 62
85 85
64 69
62 66
31 87
93 100
60 91
48 79
41 88
48 57
95 98
77 77
29 68
65 96
98 99
52 83
2 93
37 94
81 85
68 68
78 100
28 63
86 97
19 90
74 98
18 94
81 86
45 69
35 56
10 62
2 100
48 94
40 41
14 91
49 50
77 97
54 81
39 97
58 86
54 99
16 50
99 100
43 48
28 62
32 36
17 64
73 98
43 46
60 80
3 55
23 33
53 97
2 29
26 81
55 91
71 85
60 73
73 79
47 95
94 100
36 62
29 70
63 68
46 85
7 15
56 85
30 63
50 77
56 56
84 98
3 81
80 94
89 89
35 98
80 90
78 81
76 87
62 65
70 83
27 65
81 90
10 72
86 93
75 95
49 79
88 91
5 80
62 64
31 80
67 75
69 83
5 28
51 63
34 36
30 88
55 84
58 100
40 41
39 91
12 38
49 95
100 100
91 93
80 91
69 95
47 74
66 70
36 39
31 84
29 69
70 82
70 79
93 93
6 37
93 100
26 45
43 43
46 55
9 86
61 74
65 74
17 22
57 58
54 54
66 68
44 67
25 30
95 95
29 79
98 98
100 100
84 92
21 56
66 98
85 88
20 63
58 73
39 46
6 32
97 98
65 92
74 89
82 97
29 91
56 75
42 95
84 89
38 69
97 98
94 95
61 88
63 65
83 85
96 97
22 98
21 81
74 81
100 100
15 81
15 93
27 51
30 42
24 29
96 96
48 62
57 95
99 99
27 59
9 12
32 84
56 99
18 91
19 44
1 32
38 66
72 82
5 30
88 99
37 70
30 30
17 52
12 99
25 32
45 81
47 97
86 96
94 94
51 91
96 98
11 12
57 66
79 81
12 65
69 84
54 57
77 85
3 20
8 62
29 61
17 61
79 81
88 88
85 90
4 86
93 97
3 3
65 69
47 87
46 99
87 97
73 90
13 50
43 91
39 70
70 89
58 61
80 80
16 24
56 61
94 100
60 68
16 84
55 86
57 61
64 84
72 86
80 90
58 71
22 58
46 58
70 78
37 72
43 44
23 29
32 35
95 99
84 95
78 88
43 68
25 77
73 97
96 100
3 68
55 84
64 68
11 16
50 91
13 82
74 77
11 11
25 38
37 84
73 77
100 100
46 95
84 88
22 29
70 72
22 68
82 89
7 7
2 53
45 94
