cstniwwvbkyrxzvjpegpgtwwxkdujwbmsqrmkurdprzfftazyonxmawydyjgmipyassxnafluvaouoiuxrqrbrjmzisptfhqqaxq
1000
27 78
100 100
30 32
70 76
20 82
39 40
34 37
50 50
5 100
5 17
24 28
23 47
53 57
20 96
80 80
35 79
88 90
3 80
100 100
7 10
58 58
96 97
24 43
5 54
4 46
94 98
3 9
3 8
23 48
75 77
71 73
23 68
18 87
9 57
17 53
71 100
15 16
11 95
75 86
82 82
30 96
65 66
54 66
93 94
40 94
48 72
61 99
81 93
5 74
89 99
15 16
73 81
43 47
15 15
63 83
95 100
56 59
37 65
93 98
97 100
91 91
31 36
41 57
43 47
78 93
52 89
9 96
6 71
14 52
38 77
45 47
4 6
49 79
21 99
51 95
54 59
28 74
13 13
35 70
59 74
23 24
22 58
54 65
14 28
24 46
71 81
26 51
100 100
79 96
18 59
30 48
54 65
48 70
85 100
25 87
25 57
48 65
71 74
75 87
21 60
59 87
7 14
52 91
71 94
88 96
44 44
32 36
95 95
45 63
4 74
47 75
67 67
81 81
59 87
16 89
17 77
1 100
46 85
53 89
86 95
64 81
51 71
88 93
40 48
30 93
48 89
91 93
81 96
100 100
59 64
27 45
80 80
59 59
54 56
25 35
65 82
34 75
16 19
88 88
6 6
6 72
68 94
55 64
89 90
77 91
28 81
30 48
89 95
88 89
98 98
83 96
28 39
12 24
48 83
97 97
34 38
80 93
63 64
56 86
99 99
67 86
18 18
37 42
27 91
63 63
81 86
57 61
39 85
16 16
20 71
76 97
55 66
28 32
34 94
42 42
5 94
83 93
77 77
39 95
98 98
71 87
69 100
90 94
62 64
9 61
17 24
4 20
32 89
17 31
73 78
35 82
31 60
37 62
60 60
81 100
50 84
73 93
28 68
85 91
97 99
9 14
62 75
70 73
92 96
96 98
95 98
31 39
74 100
91 93
75 80
32 36
13 97
48 70
8 100
34 96
44 46
65 70
69 77
45 46
70 74
54 100
40 67
59 66
98 100
28 93
5 63
62 92
17 20
59 82
15 39
11 11
29 31
4 65
70 85
73 87
89 91
49 98
86 99
44 46
83 83
74 98
52 66
73 97
35 76
93 95
39 44
77 78
7 7
94 97
78 78
84 86
33 39
14 25
48 52
56 99
74 74
76 81
66 66
74 95
68 71
32 56
86 100
17 89
45 80
93 98
76 98
12 79
85 92
38 68
33 37
49 100
12 13
24 44
78 89
91 92
23 24
20 20
9 47
62 67
37 40
83 90
29 44
56 63
7 25
15 92
3 73
26 64
74 84
31 61
24 25
19 69
49 93
77 91
95 98
91 95
98 99
90 91
40 72
79 82
54 99
91 91
7 91
46 46
100 100
81 93
87 100
83 84
82 86
37 78
4 15
96 97
77 77
7 62
19 70
6 22
42 69
63 92
95 96
21 89
17 39
17 62
80 100
35 35
29 83
66 85
12 12
30 44
18 79
26 31
56 92
99 100
14 53
9 34
9 33
50 81
63 99
91 91
21 96
36 85
31 32
71 93
74 79
2 86
97 99
63 85
86 88
30 80
65 69
65 77
23 67
39 97
62 93
74 93
11 45
77 79
41 74
61 71
80 95
42 96
3 67
78 81
23 55
70 75
83 88
27 84
95 97
22 27
6 91
13 18
10 28
50 67
3 18
70 71
94 94
8 51
47 61
9 44
96 98
1 82
15 40
56 85
90 95
48 94
19 22
58 61
94 99
92 92
83 96
80 80
3 41
45 91
40 42
93 97
23 26
81 88
6 38
10 52
4 9
94 96
38 50
30 40
40 70
90 99
93 95
39 67
29 54
78 83
3 5
96 96
90 93
2 18
89 92
52 94
5 93
2 66
21 72
89 99
5 78
33 38
1 3
90 93
87 88
33 90
90 97
74 85
77 100
95 96
68 83
14 66
62 89
85 93
17 28
17 50
31 87
61 81
66 72
9 84
27 62
41 85
41 75
82 95
90 91
52 100
26 30
43 47
21 36
65 66
62 89
78 84
74 83
5 6
90 97
83 96
44 89
5 28
39 44
61 79
58 69
100 100
76 89
21 97
83 96
98 100
49 74
54 55
35 57
8 10
82 84
13 14
95 95
37 50
94 96
77 91
68 99
68 72
55 83
65 87
12 83
19 33
42 65
72 80
7 88
19 94
74 79
85 92
30 55
61 78
5 96
83 93
57 61
16 19
34 38
83 86
40 51
63 84
97 98
53 97
81 85
29 60
13 15
61 76
56 57
3 53
59 62
73 90
78 80
16 83
85 85
65 66
11 16
12 16
88 99
67 68
40 65
23 37
70 88
83 84
53 73
19 57
97 99
49 78
59 78
1 56
7 47
85 89
31 75
97 100
12 14
49 91
80 91
100 100
20 94
55 77
27 74
67 72
34 35
67 75
44 94
58 66
72 77
93 100
22 27
11 13
9 95
3 12
35 83
43 43
60 83
76 86
99 99
99 100
2 5
42 76
79 88
73 88
37 85
69 69
49 54
99 100
40 97
72 91
88 99
94 96
84 92
85 86
89 99
63 74
80 81
94 97
39 77
98 98
21 99
67 68
39 100
65 68
22 26
55 75
97 97
64 77
64 72
40 80
60 65
9 14
36 53
28 28
27 28
47 47
56 93
22 26
62 76
11 15
90 98
41 64
87 88
40 80
91 94
59 61
69 94
56 62
86 87
59 92
16 84
92 94
79 84
71 76
80 91
18 22
35 74
34 97
88 95
34 59
14 19
58 76
6 45
87 88
14 30
66 72
29 31
1 52
81 97
27 38
41 100
100 100
30 35
57 58
44 92
56 58
99 99
92 92
34 87
13 84
8 74
5 75
67 80
23 35
14 15
11 16
9 37
28 77
37 68
31 71
97 100
55 98
48 89
84 87
6 8
39 56
86 88
92 94
52 58
58 94
74 94
98 99
33 74
70 78
40 41
94 98
50 54
7 89
70 79
51 69
76 79
52 55
34 35
63 89
42 52
36 41
97 98
31 85
84 84
35 38
80 85
55 60
73 95
56 65
43 97
75 95
45 52
8 40
58 97
96 96
36 40
23 28
35 38
53 97
91 93
37 49
61 95
83 85
77 84
4 5
80 84
69 71
46 81
75 80
84 97
80 94
57 98
62 97
20 37
82 85
37 42
78 82
64 67
20 25
22 76
26 27
79 98
86 94
3 8
59 70
10 32
50 54
86 95
95 95
56 56
98 99
99 100
93 96
25 88
21 43
38 54
46 91
97 99
97 99
15 33
64 74
52 57
66 81
15 60
14 40
26 47
56 88
30 79
10 10
84 96
62 95
65 73
68 75
66 83
34 43
45 92
25 99
100 100
11 26
47 51
54 70
41 42
26 76
11 51
64 67
3 83
64 86
4 30
92 94
5 58
38 99
5 96
14 86
66 95
58 75
63 94
42 58
70 78
72 100
68 97
58 98
50 99
87 100
43 94
52 71
28 42
3 4
9 41
58 70
80 82
21 48
86 93
91 100
4 76
99 99
50 64
52 53
51 58
33 86
64 85
71 79
100 100
62 83
77 80
6 47
7 86
43 92
71 74
60 90
82 93
92 100
89 96
27 30
50 52
12 16
90 91
9 88
80 85
81 94
97 98
64 65
13 45
20 66
86 87
62 82
65 92
23 73
2 13
23 84
26 28
33 78
55 76
99 100
98 99
20 41
78 81
30 100
27 80
83 99
17 19
82 96
47 49
54 65
97 100
59 99
21 62
82 86
63 76
48 62
92 96
4 49
51 52
76 86
61 95
59 81
1 1
57 91
43 46
3 8
77 80
9 16
40 65
1 4
58 97
12 76
100 100
38 44
80 90
61 61
35 40
50 65
14 74
84 91
14 53
77 88
2 9
64 78
85 86
71 85
23 28
96 99
65 70
24 62
52 58
67 77
17 21
45 61
80 90
83 94
1 100
32 34
66 67
48 50
65 88
92 98
17 86
27 93
29 39
37 80
31 79
98 98
62 84
72 98
11 12
9 87
80 84
4 6
7 10
94 98
10 14
68 99
70 87
1 100
45 71
50 54
87 90
78 93
55 66
6 54
16 71
95 98
53 86
2 59
54 56
72 75
44 76
47 77
35 96
39 60
42 44
12 14
70 77
90 90
73 95
32 100
56 98
75 75
41 42
86 87
77 87
59 95
7 14
72 97
78 78
56 67
50 90
15 64
89 100
92 92
28 91
77 86
38 38
17 25
4 43
37 71
72 92
19 22
80 84
70 90
57 72
58 85
20 25
47 83
1 18
6 83
53 62
99 99
10 13
61 66
23 29
82 83
92 92
28 53
2 7
92 98
30 32
64 97
70 90
49 51
70 75
83 87
42 47
70 82
56 85
61 74
87 89
89 97
32 41
2 81
17 74
70 70
18 19
4 80
59 80
35 90
31 77
27 91
46 88
18 36
63 68
34 49
3 36
67 75
69 90
60 84
99 99
16 88
32 55
19 40
52 52
57 73
9 33
15 54
84 92
