bbccbbccaabbbbccaabbbbccccddaabbbbccaabbbbccbbccbbccccddaabbbbccbbccaabbbbccaabbbbccbbccbbccaabbbbcc
1000
95 97
64 65
28 31
54 55
55 55
59 59
100 100
87 87
74 74
13 13
43 46
44 47
95 95
17 17
97 100
53 53
72 73
77 77
82 84
49 49
75 77
21 22
80 80
96 98
25 27
24 26
26 28
79 79
94 94
96 99
65 65
80 81
26 29
17 18
63 66
21 24
23 24
30 30
65 67
62 64
12 13
1 3
66 67
54 57
84 84
60 60
34 34
61 62
22 24
60 63
55 58
43 46
81 82
16 16
34 35
67 68
5 6
66 66
58 60
89 91
43 46
55 56
31 33
47 50
97 98
31 33
21 23
33 36
20 21
29 31
57 59
48 48
7 9
94 96
16 19
3 5
90 91
32 32
61 61
21 21
30 30
37 40
94 95
68 68
33 36
33 35
46 48
21 24
73 75
17 20
62 65
33 36
89 91
45 45
11 12
60 61
11 12
1 3
77 80
61 64
88 89
99 99
33 36
54 56
57 60
94 95
64 65
30 31
66 69
42 44
59 61
9 11
50 50
25 27
45 47
10 13
72 75
5 7
38 41
10 13
41 41
18 18
52 55
11 14
75 76
5 8
9 12
78 81
97 100
86 87
94 96
13 16
39 42
98 99
62 64
31 34
45 47
85 86
27 30
92 95
31 32
88 90
14 17
52 52
80 82
93 93
86 88
15 17
60 63
58 58
45 48
68 68
60 61
76 76
98 98
16 17
98 99
93 95
59 61
80 81
24 26
73 74
9 11
23 23
78 80
65 65
72 74
56 57
45 48
6 6
27 27
52 52
85 86
72 74
69 69
33 36
12 13
16 17
45 48
22 23
94 96
88 88
87 89
70 70
54 54
71 72
91 93
26 28
36 37
78 79
93 96
53 56
99 99
52 53
37 37
92 94
2 5
63 65
64 66
32 32
61 62
36 36
23 25
15 16
57 60
57 58
67 67
94 96
7 7
48 51
84 84
12 12
69 72
32 33
75 75
96 98
14 16
64 65
19 20
62 65
30 33
81 81
43 44
67 68
38 41
59 60
21 21
13 13
65 66
95 98
76 79
63 63
59 60
84 87
2 2
11 11
54 55
35 37
1 4
47 47
82 84
33 34
17 19
32 32
5 5
83 84
84 87
73 73
8 8
47 50
40 43
38 38
71 73
99 100
15 18
27 29
79 81
34 34
88 90
17 20
39 39
69 69
2 5
97 99
16 18
81 84
60 62
23 25
69 70
52 54
10 12
43 45
51 53
68 68
100 100
42 44
2 3
3 4
68 71
27 30
17 19
10 11
52 52
91 91
37 37
66 66
77 77
46 47
74 76
52 54
14 15
71 72
28 28
73 75
58 58
19 21
80 81
42 43
35 38
63 64
91 91
33 35
50 51
82 85
21 22
80 80
35 37
55 58
83 85
68 70
1 3
88 88
6 9
35 38
11 12
78 81
61 63
92 94
45 45
7 10
35 35
5 5
41 41
43 44
100 100
34 36
88 91
86 89
62 63
47 50
33 33
53 55
14 15
85 87
33 36
93 96
41 42
25 25
57 60
49 52
77 78
17 19
28 30
8 9
67 70
5 5
19 19
32 32
91 94
36 36
56 59
70 72
37 39
35 36
65 68
66 66
27 30
91 91
74 75
73 76
69 70
42 43
59 62
91 93
70 73
39 41
92 92
95 96
53 56
100 100
75 75
63 65
17 20
20 23
69 71
23 26
36 36
29 31
87 90
72 74
87 88
3 4
64 66
12 12
48 48
62 65
54 55
77 79
28 29
28 31
4 7
6 6
93 96
89 90
62 63
96 96
69 71
90 92
33 35
70 70
39 39
78 78
12 15
81 82
24 26
28 31
61 64
32 33
32 34
4 5
84 85
3 3
78 79
54 57
94 96
74 76
45 47
89 92
32 33
53 55
65 67
67 69
19 20
41 42
48 49
4 6
34 35
13 15
33 34
22 23
27 30
20 22
64 65
12 12
30 31
32 35
92 93
14 17
63 64
35 36
15 15
25 27
30 32
18 18
70 71
33 35
75 78
50 51
27 29
79 82
47 49
55 56
83 83
51 51
58 58
32 32
22 25
24 25
94 95
81 83
93 95
43 44
6 7
46 46
59 59
70 70
34 35
40 42
43 44
17 19
64 67
37 40
8 10
49 50
7 9
1 4
50 50
27 28
4 7
43 45
55 57
74 75
6 9
44 44
43 46
31 34
13 14
82 84
89 89
6 8
53 55
75 76
32 33
79 82
91 91
64 64
66 69
50 50
82 83
4 6
87 90
92 95
42 42
71 71
48 49
11 14
26 27
87 90
74 77
88 91
46 46
81 81
20 23
18 21
56 56
70 73
72 74
54 54
47 50
62 62
90 90
30 32
46 49
34 36
78 78
48 51
83 86
91 93
12 12
43 44
65 68
80 80
41 43
8 8
35 38
38 41
11 14
85 86
50 53
3 6
86 86
97 97
86 88
29 29
97 99
20 23
20 22
15 18
38 40
94 95
64 66
71 72
68 69
14 15
39 40
65 67
15 15
9 12
17 19
20 20
66 66
69 72
24 24
7 10
24 24
73 75
41 43
37 40
26 26
25 27
65 68
31 31
32 35
68 71
29 31
81 82
68 68
25 26
84 84
2 3
19 20
12 15
86 88
83 86
56 57
35 38
87 87
19 21
10 10
17 17
36 36
68 71
19 21
10 13
41 42
60 60
42 42
30 31
31 33
31 33
64 67
29 32
60 60
64 66
74 75
72 74
38 38
42 45
42 43
86 89
46 48
3 6
71 74
62 62
8 11
67 67
41 41
29 29
9 12
7 8
85 87
26 29
88 90
95 95
19 20
13 15
48 49
11 11
62 65
2 4
61 64
77 77
13 13
50 52
77 78
21 22
65 67
41 41
17 20
63 65
81 83
77 79
77 78
52 52
57 60
39 40
62 63
8 8
92 94
76 77
34 37
57 58
55 56
74 74
86 86
85 88
97 98
73 73
1 1
36 38
41 41
80 82
67 70
31 34
81 82
84 86
44 44
95 98
71 73
57 58
41 44
37 39
85 86
94 96
28 28
36 36
7 10
98 98
51 53
56 58
57 58
96 97
37 37
53 53
29 31
53 54
86 88
49 49
80 83
83 85
80 81
58 59
27 28
9 10
25 28
15 15
27 28
58 60
33 36
9 9
54 55
48 50
54 56
11 11
49 52
18 20
45 46
38 41
52 54
49 52
11 12
56 56
82 82
31 33
59 59
95 95
78 80
98 100
96 97
23 25
80 83
25 27
92 95
74 76
6 6
100 100
51 52
16 18
63 64
27 29
64 67
90 92
29 29
28 31
25 27
44 45
15 15
22 22
11 13
85 88
54 56
29 30
50 51
97 99
23 23
94 95
56 56
82 84
61 61
54 54
8 10
54 55
27 27
57 57
44 46
56 57
3 3
37 38
83 84
75 77
40 43
66 69
87 90
95 96
9 10
29 32
10 10
24 26
1 4
55 57
96 98
51 54
85 85
73 74
12 14
13 13
57 60
20 21
64 65
11 11
6 7
14 16
60 63
62 64
40 40
1 3
34 34
62 64
35 35
92 94
66 66
10 11
76 79
81 83
5 8
14 17
52 55
72 74
40 41
5 5
56 59
58 60
71 73
38 39
71 74
7 8
40 40
20 23
61 64
33 35
69 71
63 63
73 74
76 78
72 73
48 48
30 32
13 16
27 30
12 14
23 23
77 80
91 92
46 48
30 32
39 40
16 17
2 3
87 88
9 10
18 18
45 48
64 64
43 44
86 86
88 91
47 48
63 65
11 11
71 71
30 31
26 28
70 73
14 14
24 26
38 41
94 95
56 59
62 62
69 72
13 13
4 7
95 96
94 95
90 93
22 24
89 92
64 67
17 17
73 75
22 23
49 51
3 5
59 61
97 100
71 73
18 18
44 45
69 70
43 45
42 45
57 60
11 12
32 34
24 27
57 59
80 83
77 77
59 62
42 43
9 9
98 100
80 80
88 90
37 38
91 93
53 53
46 47
43 44
5 5
90 91
4 5
28 31
16 17
57 58
43 44
46 48
60 62
93 96
58 61
93 94
97 100
72 72
4 5
2 5
61 63
68 71
100 100
94 97
61 62
52 53
32 34
56 56
41 44
30 31
17 17
19 22
64 66
19 20
99 100
5 7
79 80
5 6
73 75
74 76
71 71
49 50
36 37
52 55
81 81
23 23
58 59
76 77
91 93
94 95
23 26
59 62
94 94
49 51
86 87
35 37
8 11
78 81
98 100
8 11
2 5
99 100
37 39
29 32
23 25
44 46
4 4
73 73
8 8
94 97
47 49
91 92
38 40
55 55
59 61
14 14
95 96
16 17
56 58
13 16
65 68
21 21
18 19
82 84
36 39
49 50
39 42
54 57
93 95
63 64
7 10
7 8
45 47
46 47
63 65
40 42
27 28
7 7
74 77
1 2
93 93
82 83
43 43
4 6
40 40
77 79
51 52
38 41
5 5
1 4
11 14
97 98
28 29
74 77
66 68
