qqqqqqqqqqqqqqqqqqqqqqqqqqqqqqqqqqqqqqqqqqqqqqqqqqqqqqqqqqqqqqqqqqqqqqqqqqqqqqqqqqqqqqqqqqqqqqqqqqqq
1000
77 79
35 36
14 14
52 52
47 49
65 68
45 46
7 7
35 35
20 21
33 35
95 98
38 38
61 64
29 29
64 64
88 89
26 26
66 69
20 22
29 30
86 89
42 44
89 89
70 73
55 55
1 2
72 72
19 19
47 50
63 65
21 22
81 83
70 70
1 3
80 83
29 29
85 86
64 66
65 66
93 94
68 70
11 13
84 86
69 72
83 84
61 64
43 46
31 32
71 71
39 40
95 98
51 51
43 44
90 91
69 71
98 100
88 90
59 59
26 26
91 93
67 70
100 100
11 11
19 20
100 100
92 92
52 54
54 55
34 34
64 65
49 50
87 87
6 7
72 73
21 24
48 51
50 53
7 10
20 22
19 22
18 18
23 25
96 99
9 10
56 58
68 71
71 71
11 14
4 5
50 51
66 66
9 9
18 19
32 35
44 45
2 4
42 43
52 52
14 17
67 70
98 100
2 2
16 19
89 91
72 75
33 35
7 7
46 46
91 94
83 83
42 42
46 46
40 40
11 14
38 38
50 51
42 42
60 61
25 27
88 90
46 46
99 99
96 97
13 14
51 53
29 31
79 80
75 78
83 86
42 43
77 78
98 99
56 58
50 52
55 55
2 3
5 8
20 23
83 86
13 13
1 4
69 70
16 17
26 27
73 76
67 67
47 48
6 6
50 52
8 11
44 46
68 68
50 50
32 35
71 73
55 57
8 11
26 26
16 18
22 25
12 15
50 51
69 69
55 58
41 41
28 30
22 24
95 97
81 84
87 89
4 5
72 73
10 13
80 83
66 66
77 79
95 97
23 26
73 75
58 61
3 4
5 7
58 58
66 68
28 30
85 88
19 21
76 78
90 90
58 58
42 42
34 34
93 95
41 41
89 89
23 25
30 30
47 50
14 17
40 42
34 34
56 56
38 41
66 66
90 93
67 69
23 23
88 90
45 48
68 71
44 47
6 9
6 7
16 19
18 18
54 57
49 50
56 57
96 98
51 52
22 25
5 5
59 62
65 67
35 36
81 81
4 5
69 69
14 15
3 3
18 20
97 100
52 53
22 22
95 96
26 29
95 96
19 19
12 14
53 56
18 18
15 18
39 41
13 14
29 30
98 100
3 4
76 76
64 64
70 72
39 42
94 96
91 92
33 36
67 68
14 14
17 18
83 83
40 41
8 8
94 94
98 98
71 71
66 68
87 90
76 77
82 85
97 99
69 69
19 19
55 55
48 49
68 68
11 11
1 2
59 61
31 34
72 73
39 39
35 38
61 63
1 4
97 99
97 97
40 43
11 14
46 46
8 11
64 66
34 36
83 84
18 21
25 25
46 47
72 72
54 54
78 80
93 94
55 58
52 55
99 99
75 75
53 56
79 79
89 90
76 78
32 35
86 87
95 97
77 79
97 99
16 17
57 58
51 54
12 12
50 52
12 14
91 94
81 82
17 19
3 6
97 98
14 16
75 76
32 33
8 10
22 23
99 99
3 5
42 45
45 47
10 10
9 10
47 49
92 92
53 55
38 39
5 8
73 74
34 37
89 92
82 83
94 94
90 93
63 63
82 82
47 48
13 16
34 35
92 95
71 72
36 36
7 8
78 78
90 91
80 81
30 33
78 80
86 89
12 12
7 8
24 27
84 84
28 31
12 15
46 49
86 86
86 87
100 100
13 13
50 51
12 12
59 62
53 55
91 92
44 46
6 7
73 76
43 43
87 89
19 22
24 26
45 47
13 16
9 10
22 22
79 81
41 44
94 97
34 35
10 10
99 99
17 17
5 8
83 84
18 21
35 37
15 18
58 59
67 67
35 35
96 99
34 37
24 27
39 42
89 90
9 11
64 67
90 91
92 94
97 98
8 9
62 64
19 21
27 29
62 63
96 96
6 7
64 65
88 91
20 22
10 13
7 9
67 68
60 63
10 13
32 33
80 83
68 69
78 81
74 74
61 64
26 26
60 62
53 55
67 68
45 48
87 88
47 47
45 48
38 40
47 49
88 89
65 67
55 56
88 90
73 76
89 91
33 33
6 8
49 50
86 88
33 35
47 47
32 32
58 61
53 55
96 97
13 13
61 62
4 7
88 90
5 5
4 7
13 14
47 48
77 80
11 12
90 90
65 68
78 81
89 90
26 27
89 91
71 74
63 63
93 93
65 66
59 62
73 73
24 26
93 96
20 23
45 47
80 82
69 71
80 80
51 52
12 13
73 73
62 65
78 78
70 73
66 67
59 59
35 36
73 75
29 29
51 51
79 81
11 13
25 28
23 24
42 45
12 15
82 82
44 45
83 86
74 74
1 3
15 17
49 49
76 79
64 64
93 96
57 59
94 95
26 28
39 41
72 74
44 44
91 94
33 34
18 21
25 25
35 35
27 30
83 83
9 11
7 7
28 29
37 39
78 78
47 50
41 42
31 33
27 27
16 19
45 45
85 87
18 21
2 5
16 16
64 66
80 82
79 79
17 19
16 18
87 87
91 94
72 75
44 46
23 25
52 53
73 74
20 20
53 54
56 57
70 70
27 28
7 10
21 21
41 42
46 47
31 33
75 77
64 66
100 100
67 67
93 94
58 59
15 15
21 22
32 34
4 4
59 61
17 20
63 63
19 22
48 50
16 19
78 78
90 91
49 52
28 28
49 51
67 67
36 39
12 15
90 90
72 72
66 67
17 18
48 49
43 45
57 60
99 99
8 8
83 85
59 60
88 88
88 91
24 24
100 100
47 47
9 11
4 6
37 38
45 45
73 74
90 92
74 76
73 76
92 95
13 15
13 14
91 94
74 76
48 50
43 46
54 57
99 100
83 84
47 47
55 57
72 75
52 52
64 64
84 85
79 82
93 95
7 8
57 60
27 29
6 9
2 3
51 54
43 46
97 97
57 59
7 7
14 16
71 71
43 45
44 47
90 90
87 88
45 45
15 16
24 26
44 47
40 42
49 49
97 98
97 100
47 47
96 97
94 97
29 30
52 54
29 32
31 31
73 74
47 49
17 20
96 98
30 32
35 36
27 27
40 41
20 22
62 62
51 52
68 69
48 50
25 28
52 53
55 56
7 8
85 85
90 92
61 63
95 95
91 91
49 50
31 32
1 1
53 53
30 33
86 89
79 79
12 12
74 77
55 55
33 36
76 77
46 48
43 46
19 22
61 62
20 23
67 67
42 42
26 29
40 43
9 12
15 16
81 81
26 27
93 94
25 26
37 40
63 66
93 93
84 87
90 93
2 3
97 97
56 58
61 64
39 40
85 85
35 37
63 64
95 96
11 14
56 56
41 43
81 81
52 54
72 72
15 18
50 53
26 28
37 40
61 61
34 35
67 70
66 67
56 58
89 92
95 97
20 20
77 80
70 71
31 34
34 35
61 63
2 2
100 100
74 75
75 75
2 4
99 100
51 52
9 12
74 76
93 96
75 77
65 65
78 79
65 66
12 13
60 62
57 57
45 47
60 63
63 64
28 29
36 39
71 72
38 40
80 82
21 21
64 65
90 93
38 40
62 65
18 20
3 5
48 48
32 34
48 48
48 48
48 51
59 62
30 31
72 73
6 6
56 59
56 59
36 39
41 43
36 38
20 20
75 77
98 100
92 93
15 16
81 84
99 100
40 43
35 37
28 30
10 11
34 34
17 19
58 60
13 15
63 63
46 47
37 37
70 70
96 98
10 10
37 37
36 37
8 10
98 98
2 3
13 13
66 69
62 64
90 93
7 10
37 39
27 29
74 74
52 55
77 77
31 34
32 33
14 15
53 54
74 77
85 85
54 55
50 52
64 66
52 54
77 77
1 3
25 27
27 28
78 81
60 60
47 47
17 20
94 96
91 92
16 18
92 94
10 12
56 57
38 39
82 85
24 26
13 16
9 11
51 51
22 24
82 84
16 19
71 74
85 88
98 98
54 56
6 7
41 42
59 61
28 31
62 63
5 5
70 71
71 73
81 82
10 10
35 36
67 68
40 42
68 71
3 6
23 26
70 72
59 62
8 9
73 73
59 60
84 85
83 85
80 81
36 36
42 44
29 32
87 88
67 70
41 44
88 88
85 87
54 54
91 92
93 94
50 51
70 72
48 48
77 77
4 6
28 28
92 95
30 32
27 27
39 39
89 92
95 96
41 44
63 65
82 83
86 86
18 20
34 37
37 40
99 100
31 33
82 85
26 26
87 87
49 51
66 67
69 72
11 11
11 12
64 64
29 30
77 79
8 9
58 60
66 68
24 26
26 26
88 89
30 32
5 6
60 62
48 51
5 7
49 52
8 11
14 17
38 38
87 90
5 7
61 64
98 98
18 21
68 68
41 43
79 80
89 92
21 23
46 48
75 76
49 49
66 69
15 17
13 15
71 73
28 29
76 79
23 23
1 2
11 12
89 92
76 76
87 90
36 37
24 25
74 75
81 84
94 95
65 68
18 19
28 28
81 81
93 94
87 89
7 8
31 32
26 28
62 62
42 45
39 39
24 25
98 99
79 79
45 47
19 20
73 75
16 19
95 95
