lllllllltllllllltlllttllltllllltllttllllllltlltlttltttlltltlltlltltllllltltltltllllllltllllllllllllt
1000
99 99
16 16
73 74
6 6
86 87
44 44
16 18
27 29
65 65
71 72
95 95
61 62
80 81
14 16
36 37
87 89
58 59
45 46
93 94
8 10
48 50
8 8
97 100
66 69
65 67
27 27
32 33
10 11
63 63
41 43
77 80
32 34
72 75
86 88
71 72
91 94
97 98
75 77
87 87
68 68
50 52
54 54
52 53
56 57
53 54
67 68
72 75
93 95
23 25
82 83
50 51
72 72
55 57
33 33
70 70
89 89
24 27
20 21
96 98
37 40
97 97
26 26
1 3
79 80
47 47
41 42
81 81
50 53
9 9
96 97
90 91
90 90
60 60
89 90
53 53
81 82
20 22
26 29
25 27
91 91
5 7
35 38
85 88
18 20
68 69
19 20
47 47
44 47
40 41
3 3
59 60
56 59
39 42
75 76
48 48
35 35
62 64
4 4
71 74
49 49
8 10
61 63
62 62
40 42
43 46
47 50
16 19
29 31
67 68
60 62
65 68
33 33
76 76
86 87
41 41
63 66
47 47
46 46
49 51
91 91
17 17
66 67
72 72
75 75
66 67
70 71
43 44
82 82
91 94
10 10
10 13
4 4
52 54
59 61
98 100
34 34
24 26
99 99
50 51
61 61
50 50
19 19
67 68
75 78
87 90
93 96
68 71
95 97
83 86
16 16
72 74
68 70
94 94
59 59
73 73
89 92
34 34
1 3
57 59
88 89
46 46
1 4
70 70
49 49
73 74
11 14
70 73
46 46
97 97
5 6
3 6
14 17
99 100
2 5
43 46
71 74
40 42
12 14
8 8
59 59
23 25
74 76
10 11
3 5
34 37
95 98
69 71
64 67
99 99
99 99
54 54
70 72
65 65
14 15
70 73
24 24
59 60
79 80
52 55
6 8
47 49
27 28
48 49
49 50
58 58
62 65
57 57
14 17
36 38
78 78
73 75
17 17
70 71
56 56
22 23
50 53
13 16
67 69
78 80
2 2
62 63
96 99
61 62
10 10
56 58
41 44
65 67
51 52
74 77
2 4
89 89
96 96
13 14
11 13
8 9
27 28
62 62
54 54
29 30
43 46
56 58
46 48
9 11
27 27
5 5
75 75
54 57
37 40
15 17
32 33
38 41
15 18
3 5
64 64
80 83
77 78
62 64
91 94
1 1
37 39
46 47
53 54
63 66
80 80
22 24
47 47
70 70
63 66
46 47
19 21
95 95
39 41
48 49
40 42
20 22
72 74
14 14
45 48
71 73
38 41
56 59
41 44
66 69
41 41
55 58
84 86
69 70
68 69
9 9
48 50
40 41
82 84
97 99
66 67
95 98
32 35
67 70
2 3
70 72
54 56
82 83
69 70
36 39
9 12
25 27
29 29
22 23
84 85
39 42
61 63
2 5
77 79
57 58
95 97
71 74
64 66
80 81
4 5
2 4
98 98
98 100
88 90
64 67
59 60
27 29
17 17
93 93
50 50
38 39
95 96
57 59
1 1
12 15
85 86
75 76
41 41
44 44
64 65
6 8
21 24
35 37
97 98
49 51
73 76
17 17
66 66
24 25
73 76
30 32
22 22
56 59
48 51
81 81
39 41
16 17
34 37
36 38
82 82
49 51
100 100
52 53
15 18
46 49
95 96
63 64
83 83
16 17
37 38
44 47
79 81
25 26
15 17
38 41
14 17
44 44
2 5
12 14
84 84
43 44
86 86
35 36
94 96
36 39
32 33
56 59
6 7
71 71
76 77
48 50
48 50
44 47
51 51
6 9
5 6
99 99
57 60
85 86
55 57
36 36
32 32
56 57
82 83
45 45
65 67
11 14
64 66
60 61
93 93
31 31
26 27
74 77
84 85
34 37
48 49
17 19
65 66
65 66
52 53
88 89
28 31
44 47
23 23
26 29
59 60
22 25
17 20
85 87
63 66
25 26
38 41
84 86
26 28
4 7
25 28
13 15
42 45
78 80
64 67
6 9
85 88
87 89
85 85
83 86
48 50
87 87
68 70
91 94
4 6
51 54
53 56
79 79
73 76
19 22
65 68
64 65
19 20
32 35
14 14
88 90
23 26
92 94
42 42
32 34
64 67
27 28
100 100
61 64
95 97
33 34
42 44
74 75
90 92
30 33
21 21
10 11
33 35
7 9
14 17
74 75
37 37
65 66
6 7
31 31
15 18
42 43
24 25
94 97
12 15
95 98
33 35
73 75
40 43
23 24
15 15
58 59
50 52
90 92
47 47
25 28
67 67
24 26
17 20
1 2
18 20
13 16
18 21
53 55
56 56
47 48
56 59
56 59
73 74
22 22
13 13
80 82
81 83
96 98
78 79
12 14
88 90
10 10
39 39
70 72
11 11
4 6
82 83
34 36
55 57
53 53
6 9
54 55
58 61
44 45
100 100
19 21
71 71
26 27
24 25
79 79
43 43
63 66
82 85
26 27
99 100
39 40
98 100
7 9
35 37
50 51
35 35
17 18
60 62
72 73
88 88
20 23
66 69
96 97
3 6
22 22
27 27
18 21
40 40
64 64
36 39
10 13
43 45
15 16
39 42
79 81
7 7
26 26
55 55
6 8
30 32
30 30
52 52
93 95
80 82
74 74
84 87
56 57
92 93
90 93
3 3
51 51
51 53
76 77
45 48
48 49
61 64
86 88
65 68
63 66
55 56
44 45
94 96
3 4
38 38
65 66
98 99
41 44
80 83
85 88
43 44
24 24
18 20
47 47
28 31
80 82
61 62
75 77
82 83
3 5
48 48
82 85
61 61
70 71
80 83
93 95
78 81
36 36
94 95
39 39
33 33
43 45
40 43
49 49
22 25
61 62
11 13
55 55
99 99
17 19
70 72
21 23
26 28
42 44
12 12
70 70
37 38
86 89
88 88
30 31
70 72
10 12
92 95
49 50
100 100
56 57
1 4
59 60
82 85
66 66
1 1
8 9
56 58
86 86
48 50
99 100
47 50
97 98
3 6
52 53
3 5
31 32
79 79
22 24
51 53
31 33
35 36
26 27
34 36
17 17
97 100
83 84
46 48
44 45
40 43
78 79
70 71
7 10
44 46
6 7
45 45
33 36
42 43
79 80
32 34
34 34
36 37
61 61
9 12
4 6
36 36
40 43
30 32
13 13
94 94
21 22
60 60
57 58
89 89
92 95
40 43
16 16
28 31
29 30
87 88
76 78
31 34
79 81
89 90
17 19
94 97
100 100
58 61
7 8
23 26
30 30
92 95
27 28
92 92
95 96
45 47
78 81
76 76
1 2
29 30
2 5
30 30
25 28
31 31
95 96
28 31
1 1
47 49
81 81
49 52
9 9
41 42
51 53
34 34
68 71
14 16
88 89
65 66
12 13
71 71
21 23
77 77
98 99
76 78
66 67
81 82
63 63
58 58
87 89
7 8
41 42
84 84
85 87
46 49
71 72
87 87
59 62
55 55
85 86
60 60
28 29
48 49
49 50
99 100
72 72
88 91
36 39
91 94
91 93
52 53
95 95
94 94
87 87
63 64
32 33
11 13
94 95
19 20
66 68
80 82
41 43
50 53
78 78
39 42
39 42
56 59
100 100
9 10
92 93
62 62
27 30
59 61
67 68
34 37
88 91
34 35
1 2
26 27
6 7
27 27
31 32
78 80
39 40
9 11
31 34
56 58
93 93
45 46
1 3
57 57
8 8
95 98
77 77
70 73
75 78
19 21
73 74
35 35
73 73
27 28
22 23
66 67
67 70
71 73
89 91
77 79
28 30
21 22
56 59
29 32
79 82
24 24
14 15
14 17
95 95
12 15
60 61
58 60
11 12
28 28
11 14
68 70
9 10
38 40
35 37
89 90
43 45
1 3
66 66
59 62
29 30
62 65
27 30
17 19
32 34
8 9
32 32
8 10
7 9
75 76
98 98
92 94
93 94
59 59
11 14
52 55
36 39
60 61
24 26
91 92
44 45
99 100
49 49
68 70
62 63
5 8
11 14
80 83
18 18
98 98
4 5
10 12
83 85
67 69
34 36
28 30
29 29
30 33
51 54
30 32
18 18
53 56
25 27
28 31
68 69
22 22
74 77
14 16
62 62
94 97
11 14
69 69
27 28
87 88
19 22
13 14
31 34
65 68
31 31
95 96
45 48
61 62
20 20
54 57
18 19
72 73
9 10
7 7
89 91
64 65
90 91
40 41
98 100
23 24
69 72
30 31
59 59
91 93
48 48
24 24
85 88
48 49
11 11
63 64
25 25
60 63
35 36
8 11
81 84
13 13
91 91
73 76
4 4
98 100
44 44
89 90
75 77
63 66
40 43
74 76
22 24
92 92
20 21
32 34
45 45
95 97
14 14
89 90
15 17
14 14
59 61
85 88
43 43
39 41
7 8
97 97
77 78
58 60
46 46
5 8
63 65
99 99
57 60
28 29
100 100
8 8
76 79
50 50
11 14
33 34
44 46
62 62
67 69
2 5
33 36
35 38
92 94
16 18
77 79
41 44
11 11
54 55
