50
2 9825 4913
278 9525 4763
73 9851 4928
4 9692 4847
27 9984 4992
300 9679 4840
242 9755 4879
127 9742 4866
453 9546 4775
272 9933 4971
335 9994 4996
180 9655 4825
321 9649 4828
226 9573 4785
242 9800 4897
334 9533 4771
150 9628 4819
28 9582 4796
117 9981 4992
472 9840 4919
57 9682 4842
152 9664 4837
251 9903 4956
185 9569 4784
169 9567 4788
327 9938 4971
11 9827 4913
264 9826 4910
7 9679 4841
146 9919 4961
106 9575 4792
464 9596 4803
449 9872 4932
305 9996 5000
351 9814 4912
483 9570 4784
217 9545 4770
275 9524 4767
371 9603 4797
185 9614 4809
233 9785 4895
430 9569 4789
109 9853 4930
315 9545 4777
378 9663 4828
321 9790 4900
421 9619 4811
227 9525 4762
243 9794 4899
392 9941 4974
