50
3381 9769 5603
8435 9983 701
3244 5959 1261
2348 6821 3984
2334 2562 45
7480 9993 1781
5286 8886 397
3364 9603 5700
4779 5242 264
5981 7447 478
7267 8448 60
121 318 158
8317 9972 230
6459 6911 71
1621 1870 177
7185 9367 1158
2045 9869 3814
6175 9994 3026
5807 9584 1677
5996 6447 304
7782 8443 362
6635 8845 1793
3026 8992 5603
7503 9482 1303
4728 5677 689
2281 2864 272
2325 8824 4773
650 3600 2749
5067 9268 2683
2632 9093 6245
2325 7338 2386
7896 8151 160
1262 1597 182
3725 4368 192
8476 8728 184
4846 6829 1843
7403 9538 1233
101 3669 2646
8136 8532 68
8988 9812 794
9912 9948 34
6280 8763 510
2084 9948 5970
3638 7831 2165
9217 9328 16
5690 6098 35
223 7902 7465
9282 9338 20
5657 5856 151
4941 7277 1704
